4.040,11.850,11.400,0.460,153016.000,11.400,11.390
0.000,21.630,21.600,0.000,206109.000,21.630,21.600
2.340,13.140,12.860,0.300,435488.000,12.860,12.840
1.320,68.890,67.670,0.900,185034.000,67.990,67.670
0.000,6.230,6.070,0.000,559870.000,6.230,6.070
0.000,33.970,33.080,0.000,1608145.000,33.970,33.080
1.730,52.800,52.140,0.900,564394.000,52.140,51.900
0.000,25.890,25.560,0.000,1716253.000,25.890,25.560
0.000,36.650,36.040,0.000,2942038.000,36.650,36.040
3.430,18.690,18.000,0.620,3779899.000,18.070,18.000
1.210,46.850,46.360,0.560,8600.000,46.360,46.290
1.250,58.180,57.470,0.720,1401795.000,57.470,57.460
1.470,37.230,36.770,0.540,2327862.000,36.770,36.690
-0.110,18.670,18.690,-0.020,71949.000,18.690,18.690
0.000,20.770,20.710,0.000,13812.000,20.770,20.710
2.330,19.350,18.910,0.440,255071.000,18.910,18.910
-1.580,34.810,34.690,-0.560,568601.000,35.370,34.690
0.570,15.790,15.750,0.090,393895.000,15.750,15.700
-0.900,3.290,3.330,-0.030,1086581.000,3.330,3.320
3.800,53.490,51.640,1.960,1134953.000,51.640,51.530
0.360,11.170,11.120,0.040,172252.000,11.130,11.120
1.030,4.920,4.870,0.050,86405.000,4.870,4.870
0.460,74.270,73.810,0.340,3647775.000,73.930,73.810
2.050,16.440,16.110,0.330,53335.000,16.110,16.110
0.000,10.420,10.290,0.000,38181.000,10.420,10.290
0.000,25.140,24.730,0.000,37151.000,25.140,24.730
1.620,15.050,14.780,0.240,267823.000,14.810,14.780
1.350,37.490,36.980,0.500,125593.000,36.990,36.980
3.570,12.460,12.090,0.430,6067488.000,12.090,12.030
1.800,19.200,18.860,0.340,55870399.000,19.200,18.860
2.480,13.230,12.950,0.320,239454.000,12.950,12.910
0.900,5.600,5.530,0.050,281276.000,5.550,5.530
1.780,17.150,16.880,0.300,267142.000,16.880,16.850
2.600,53.610,52.330,1.360,681629.000,52.330,52.250
0.000,12.720,12.800,0.000,212465.000,12.800,12.720
2.090,50.920,49.890,1.040,540879.000,49.890,49.880
0.840,33.600,33.250,0.280,255091.000,33.320,33.250
4.150,15.300,14.740,0.610,1267020.000,14.740,14.690
0.000,47.530,46.440,0.000,3772111.000,47.530,46.440
1.170,67.300,66.480,0.780,9216896.000,66.520,66.480
0.000,10.410,10.360,0.000,741537.000,10.410,10.360
0.000,5.020,4.740,0.000,392297.000,5.020,4.740
0.490,87.000,87.060,0.420,272818.000,87.060,86.580
0.900,66.270,65.710,0.590,34628.000,65.710,65.680
1.660,67.850,67.040,1.110,122235.000,67.040,66.740
0.830,18.290,18.110,0.150,1187135.000,18.140,18.110
1.770,37.370,36.870,0.650,108534.000,36.870,36.720
0.000,14.810,14.490,0.000,164163.000,14.810,14.490
1.490,31.970,31.540,0.470,7438403.000,31.970,31.500
-0.030,66.750,66.660,-0.020,5212711.000,66.770,66.660
1.860,54.220,53.280,0.990,4793003.000,53.280,53.230
6.220,9.220,8.710,0.540,237285.000,8.710,8.680
0.080,25.250,25.170,0.020,295728.000,25.230,25.170
0.000,8.070,7.890,0.000,987500.000,8.070,7.890
0.000,8.220,8.100,0.000,33543.000,8.220,8.100
0.000,4.630,4.510,0.000,1384438.000,4.630,4.510
0.220,13.430,13.420,0.030,968622.000,13.420,13.400
0.000,11.540,11.320,0.000,3773885.000,11.540,11.320
0.330,9.190,9.290,0.030,2328393.000,9.290,9.160
1.100,64.270,63.470,0.700,9700704.000,63.570,63.470
-1.210,7.350,7.470,-0.090,30097.000,7.470,7.440
1.650,23.370,22.990,0.380,1686749.000,22.990,22.990
-0.060,78.760,78.860,-0.050,2929013.000,78.860,78.810
3.150,9.830,9.530,0.300,720092.000,9.530,9.530
2.180,60.450,59.240,1.290,201185.000,59.240,59.160
2.050,79.010,77.620,1.590,349787.000,77.620,77.420
-0.680,2.910,2.890,-0.020,123048.000,2.930,2.890
0.000,1.210,1.240,0.000,223139.000,1.240,1.210
0.000,33.880,33.370,0.000,2222697.000,33.880,33.370
0.000,89.290,88.200,0.000,353860.000,89.290,88.200
1.290,12.570,12.430,0.160,745264.000,12.430,12.410
1.530,11.280,11.150,0.170,525401.000,11.150,11.110
0.000,62.540,61.360,0.000,954982.000,62.540,61.360
1.230,89.030,88.000,1.080,512901.000,88.000,87.950
1.530,37.800,37.060,0.570,14943894.000,37.230,37.060
0.000,41.400,40.890,0.000,5444211.000,41.400,40.890
0.000,30.240,30.240,0.000,4875345.000,30.240,30.240
0.810,4.950,4.910,0.040,237231.000,4.910,4.910
0.000,41.950,41.440,0.000,6229757.000,41.950,41.440
0.000,19.830,19.820,0.000,6839632.000,19.830,19.820
0.000,24.660,24.470,0.000,22049.000,24.660,24.470
0.000,44.050,43.240,0.000,1357295.000,44.050,43.240
3.980,6.010,5.780,0.230,1160851.000,5.780,5.780
2.370,50.580,49.670,1.170,257634.000,49.670,49.410
0.000,97.140,94.950,0.000,1975893.000,97.140,94.950
0.000,23.170,22.870,0.000,3193179.000,23.170,22.870
0.000,13.575,13.350,0.000,4569109.000,13.575,13.350
0.590,30.480,30.420,0.180,874422.000,30.420,30.300
0.000,38.140,38.360,0.000,42634.000,38.360,38.140
0.000,41.570,40.980,0.000,415411.000,41.570,40.980
2.250,29.980,29.250,0.660,8002679.000,29.320,29.250
2.580,27.050,26.400,0.680,4612558.000,26.400,26.370
0.000,21.640,21.200,0.000,747455.000,21.640,21.200
2.140,35.270,34.640,0.740,328510.000,34.640,34.530
0.850,7.080,7.020,0.060,661886.000,7.020,7.020
0.000,6.760,6.760,0.000,2018429.000,6.760,6.760
0.000,11.840,11.710,0.000,3530576.000,11.840,11.710
3.990,10.170,10.020,0.390,10152116.000,10.020,9.780
-1.010,17.620,17.700,-0.180,132276.000,17.800,17.700
0.000,106.040,104.820,0.000,24246.000,106.040,104.820
0.870,22.140,22.030,0.190,103830.000,22.030,21.950
0.000,1.710,1.820,0.000,235675.000,1.820,1.710
0.000,6.600,6.450,0.000,3879867.000,6.600,6.450
0.000,45.270,44.320,0.000,1537412.000,45.270,44.320
0.000,55.730,54.610,0.000,73588.000,55.730,54.610
1.800,33.910,33.210,0.600,944284.000,33.310,33.210
-0.700,7.050,7.120,-0.050,176623.000,7.120,7.100
1.170,45.100,44.580,0.520,534461.000,44.580,44.580
0.000,41.000,41.310,0.000,808145.000,41.310,41.000
0.000,3.140,3.120,0.000,50612.000,3.140,3.120
0.870,17.390,17.180,0.150,451291.000,17.240,17.180
1.310,34.720,34.270,0.450,2555422.000,34.270,34.270
0.000,15.110,14.790,0.000,9706173.000,15.110,14.790
0.000,13.120,12.950,0.000,4449598.000,13.120,12.950
0.000,59.250,59.380,0.000,179839.000,59.380,59.250
3.730,54.280,52.600,1.950,4498067.000,52.600,52.330
0.000,64.700,64.460,0.000,899693.000,64.700,64.460
1.830,90.130,88.720,1.620,4484683.000,88.720,88.510
1.030,10.810,10.700,0.110,28694.000,10.700,10.700
1.160,41.150,40.390,0.470,438640.000,40.680,40.390
-3.950,10.930,11.430,-0.450,4078419.000,11.430,11.380
0.000,8.130,8.360,0.000,41687.000,8.360,8.130
0.000,43.150,42.270,0.000,983128.000,43.150,42.270
0.000,13.390,12.940,0.000,264345.000,13.390,12.940
0.000,15.860,15.630,0.000,65135439.000,15.860,15.630
2.190,55.440,54.380,1.190,236597.000,54.380,54.250
1.500,10.130,9.960,0.150,1561117.000,10.130,9.960
0.000,113.160,110.830,0.000,1431223.000,113.160,110.830
1.310,9.290,9.240,0.120,14412284.000,9.240,9.170
3.630,13.690,13.280,0.480,18548115.000,13.690,13.210
2.790,3.320,3.280,0.090,645772.000,3.280,3.230
0.000,1.340,1.320,0.000,1317276.000,1.340,1.320
0.330,27.000,26.830,0.090,54330.000,26.910,26.830
0.150,19.840,19.860,0.030,2594327.000,19.860,19.810
1.250,54.420,53.760,0.670,571804.000,53.760,53.750
1.410,36.730,36.290,0.510,9777851.000,36.290,36.220
2.170,85.690,84.110,1.820,925517.000,84.110,83.870
0.000,47.140,46.140,0.000,83704.000,47.140,46.140
0.000,25.510,25.190,0.000,559987.000,25.510,25.190
0.580,51.610,51.520,0.300,763748.000,51.520,51.310
0.000,55.790,54.840,0.000,2345787.000,55.790,0.000
0.000,17.860,17.470,0.000,27952.000,17.860,17.470
-2.050,16.710,17.050,-0.350,284548.000,17.060,17.050
0.000,1.210,1.220,0.000,545121.000,1.220,1.210
1.580,85.650,84.160,1.330,5829700.000,85.650,84.160
0.000,13.000,12.830,0.000,718039.000,13.000,12.830
0.000,56.120,55.050,0.000,355131.000,56.120,55.050
0.700,53.510,53.190,0.370,9480095.000,53.190,53.140
0.000,34.560,33.900,0.000,65908.000,34.560,33.900
0.000,10.640,10.460,0.000,80827.000,10.640,10.460
0.000,27.990,27.550,0.000,2224752.000,27.990,27.550
0.000,19.070,19.140,0.000,1703137.000,19.140,19.070
2.130,24.900,24.450,0.520,1363034.000,24.450,24.380
0.000,7.220,7.180,0.000,81830.000,7.220,7.180
0.950,9.530,9.420,0.090,132811.000,9.440,9.420
0.000,4.890,4.710,0.000,1182305.000,4.890,4.710
0.610,29.850,29.710,0.180,205811.000,29.710,29.670
0.000,34.200,33.580,0.000,1062690.000,34.200,33.580
2.420,67.310,65.780,1.590,204749.000,65.780,65.720
-14.250,3.070,3.050,-0.510,33181160.000,3.580,3.050
1.920,50.310,49.530,0.950,1116459.000,49.530,49.360
0.000,54.630,54.930,0.000,309884.000,54.930,54.630
1.450,12.630,12.450,0.180,989854.000,12.450,12.450
1.630,18.280,18.060,0.292,6809384.000,18.060,17.988
3.560,51.790,50.150,1.780,3688177.000,50.150,50.010
0.830,46.180,45.880,0.380,1123878.000,45.880,45.800
1.770,39.140,38.580,0.680,878187.000,38.580,38.460
0.000,38.040,37.030,0.000,1778686.000,38.040,37.030
-4.130,1.160,1.250,-0.050,834739.000,1.250,1.210
2.250,73.670,72.170,1.620,1976016.000,72.170,72.050
0.550,76.860,76.420,0.420,602022.000,76.440,76.420
0.000,53.960,54.080,0.000,6220677.000,54.080,53.960
-0.270,11.010,11.010,-0.030,238770.000,11.040,11.010
4.190,11.200,10.770,0.450,607247.000,10.770,10.750
0.000,19.560,19.540,0.000,176634.000,19.560,19.540
3.140,46.990,45.660,1.430,167378.000,45.660,45.560
0.000,33.050,32.890,0.000,25382326.000,33.050,32.890
0.000,72.130,71.050,0.000,416698.000,72.130,71.050
0.000,22.360,22.040,0.000,113205.000,22.360,22.040
1.210,50.970,50.500,0.610,112346.000,50.500,50.360
1.220,104.090,102.710,1.250,6579693.000,102.840,102.710
0.000,23.570,23.190,0.000,56218.000,23.570,23.190
0.000,31.410,31.100,0.000,33124.000,31.410,31.100
-0.830,8.400,8.500,-0.070,285445.000,8.500,8.470
0.000,30.800,30.480,0.000,95366.000,30.800,30.480
3.080,85.210,82.660,2.550,437755.000,82.660,82.660
1.020,8.920,8.850,0.090,376748.000,8.850,8.830
-0.250,3.970,3.990,-0.010,1385412.000,3.990,3.980
0.980,110.970,109.840,1.080,489456.000,109.890,109.840
0.180,11.400,11.400,0.020,57950.000,11.400,11.380
1.110,57.540,56.650,0.630,3389987.000,56.910,56.650
1.380,25.760,25.430,0.350,160504.000,25.430,25.410
1.060,22.980,22.730,0.240,996596.000,22.740,22.730
1.820,32.470,32.000,0.580,420006.000,32.000,31.890
0.340,23.870,23.910,0.080,1827923.000,23.910,23.790
1.100,7.360,7.360,0.080,217299.000,7.360,7.360
1.760,27.180,26.600,0.470,1606241.000,26.710,26.600
1.250,59.110,58.510,0.730,3637130.000,58.510,58.380
6.090,52.790,49.820,3.030,6228999.000,49.820,49.760
0.000,32.520,32.170,0.000,428690.000,32.520,32.170
0.000,343.260,335.950,0.000,15546887.000,343.260,335.950
0.000,10.270,10.270,0.000,43382.000,10.270,10.270
1.300,45.320,45.000,0.580,812245.000,45.000,44.740
0.000,15.920,15.890,0.000,10847205.000,15.920,15.890
0.000,6.735,6.710,0.000,991664.000,6.735,6.710
0.000,15.020,14.840,0.000,268267.000,15.020,14.840
0.670,63.030,62.780,0.420,1904968.000,62.780,62.610
0.000,108.500,107.350,0.000,1707355.000,108.500,107.350
0.000,80.620,79.100,0.000,978535.000,80.620,79.100
2.030,108.620,106.150,2.160,9153712.000,106.460,106.150
0.000,13.860,13.960,0.000,16554.000,13.960,13.860
0.000,32.560,32.170,0.000,348611.000,32.560,32.170
0.530,5.710,5.690,0.030,33078.000,5.690,5.680
0.000,47.190,46.720,0.000,328674.000,47.190,46.720
0.000,66.210,65.610,0.000,1663017.000,66.210,65.610
0.350,25.900,25.750,0.090,4058911.000,25.810,25.750
1.120,18.910,18.730,0.210,109800.000,18.730,18.700
0.000,59.390,58.480,0.000,2231344.000,59.390,58.480
0.690,53.850,53.700,0.370,679530.000,53.700,53.480
0.000,53.890,52.560,0.000,2969703.000,53.890,52.560
1.020,10.910,10.810,0.110,458293.000,10.810,10.800
2.650,17.050,16.630,0.440,51274.000,16.630,16.610
0.000,60.880,60.750,0.000,2517237.000,60.880,60.750
0.000,52.240,51.970,0.000,1607746.000,52.240,51.970
-4.120,16.970,17.180,-0.730,4344196.000,17.700,17.180
2.890,54.520,52.960,1.530,4463438.000,54.520,52.960
2.820,25.160,24.480,0.690,201565.000,24.480,24.470
0.570,5.280,5.270,0.030,42247.000,5.270,5.250
4.420,120.920,114.560,5.120,3060907.000,115.800,114.560
0.000,82.580,81.650,0.000,3253.000,82.580,81.650
0.000,68.230,67.020,0.000,949414.000,68.230,67.020
1.910,24.520,24.150,0.460,331499.000,24.150,24.060
0.000,44.370,43.570,0.000,628005.000,44.370,43.570
0.980,88.310,87.600,0.860,721916.000,87.600,87.450
0.000,24.070,23.870,0.000,128911.000,24.070,23.870
-1.400,39.350,38.485,-0.560,574305.000,39.910,38.485
0.000,32.830,31.630,0.000,1305772.000,32.830,31.630
0.550,56.830,56.470,0.310,2766118.000,56.520,56.470
2.400,196.420,192.050,4.610,741071.000,192.050,191.810
0.000,56.750,56.640,0.000,1535789.000,56.750,56.640
1.170,91.850,90.980,1.060,787935.000,90.980,90.790
3.510,9.150,8.860,0.310,34956.000,8.860,8.840
1.830,121.540,119.690,2.180,61347.000,119.690,119.360
2.530,60.700,58.930,1.500,358160.000,59.200,58.930
0.670,46.660,46.380,0.310,767117.000,46.380,46.350
1.430,19.160,18.900,0.270,955349.000,18.900,18.890
1.220,14.920,14.760,0.180,101107.000,14.760,14.740
0.000,190.170,186.480,0.000,11776.000,186.480,0.000
2.570,15.180,14.780,0.380,3134780.000,14.800,14.780
0.000,55.340,54.500,0.000,838804.000,55.340,54.500
3.980,43.890,42.590,1.680,17893038.000,42.590,42.210
0.780,54.470,53.600,0.420,5595265.000,54.050,53.600
4.010,17.380,16.900,0.670,1804916.000,16.900,16.710
0.000,18.980,18.730,0.000,120687.000,18.980,18.730
-0.180,16.750,16.790,-0.030,53735.000,16.790,16.780
1.400,23.940,23.700,0.330,4105847.000,23.700,23.610
6.990,3.060,2.870,0.200,714636.000,2.870,2.860
0.000,7.400,7.280,0.000,1129682.000,7.400,7.280
0.450,17.730,17.550,0.080,2134085.000,17.650,17.550
2.690,68.720,67.270,1.800,2452177.000,67.270,66.920
-1.750,55.670,56.860,-0.990,3788754.000,56.860,56.660
1.760,96.520,94.680,1.670,2464572.000,94.850,94.680
0.000,23.540,22.510,0.000,1728861.000,23.540,22.510
1.890,13.460,13.200,0.250,1264971.000,13.210,13.200
0.000,35.830,35.910,0.000,40952.000,35.910,35.830
4.550,9.890,9.400,0.430,1622509.000,9.460,9.400
0.000,1.700,1.700,0.000,2149501.000,1.700,1.700
0.000,133.060,130.660,0.000,1744448.000,133.060,130.660
0.020,50.360,50.350,0.010,5094476.000,50.350,50.350
0.000,8.890,8.870,0.000,35822.000,8.890,8.870
0.940,297.620,295.380,2.770,255746.000,295.380,294.850
1.960,12.500,12.130,0.240,94373.000,12.260,12.130
0.000,33.580,32.970,0.000,73607.000,33.580,32.970
3.140,62.790,60.990,1.910,489959.000,60.990,60.880
0.850,95.100,94.730,0.800,376267.000,94.730,94.300
1.670,10.960,10.800,0.180,2157133.000,10.800,10.780
1.710,4.770,4.690,0.080,138477.000,4.690,4.690
0.670,28.730,28.520,0.190,568795.000,28.540,28.520
0.000,55.460,54.860,0.000,29592.000,55.460,54.860
0.670,52.310,51.670,0.350,1024931.000,51.960,51.670
0.810,62.420,62.030,0.500,99109.000,62.030,61.920
0.000,61.000,60.390,0.000,1732033.000,61.000,60.390
2.100,33.520,32.990,0.690,9567448.000,32.990,32.830
0.000,5.830,5.800,0.000,211102.000,5.830,5.800
1.170,23.370,22.850,0.270,1309267.000,23.100,22.850
2.230,16.520,15.990,0.360,346556.000,16.160,15.990
0.680,23.560,23.350,0.160,5285943.000,23.400,23.350
4.230,32.040,30.810,1.300,153402.000,30.810,30.740
0.880,8.050,7.950,0.070,157583.000,7.980,7.950
0.000,43.340,42.750,0.000,157098.000,43.340,42.750
0.000,41.450,40.530,0.000,1739260.000,41.450,40.530
0.950,22.250,22.060,0.210,969529.000,22.060,22.040
0.000,16.360,16.180,0.000,5391520.000,16.360,16.180
0.000,72.940,71.730,0.000,400821.000,72.940,71.730
0.000,17.570,17.460,0.000,40101.000,17.570,17.460
3.010,49.000,47.850,1.430,123952.000,47.850,47.570
-1.960,24.000,24.420,-0.480,149722.000,24.480,24.420
0.000,48.020,46.570,0.000,168585.000,48.020,46.570
1.010,39.020,38.570,0.390,683116.000,38.630,38.570
0.000,3.960,3.950,0.000,159066.000,3.960,3.950
0.770,82.010,81.190,0.630,18050089.000,82.010,81.190
0.000,22.960,22.530,0.000,552530.000,22.960,22.530
2.470,24.850,24.360,0.600,964088.000,24.360,24.250
2.750,41.030,39.860,1.100,73936.000,39.930,39.860
0.000,36.010,35.000,0.000,49495.000,36.010,35.000
1.030,18.720,18.520,0.190,326995.000,18.530,18.520
-0.340,14.710,14.770,-0.050,2220525.000,14.770,14.760
0.000,51.760,51.110,0.000,3707602.000,51.760,51.110
0.000,4.510,4.500,0.000,88430.000,4.510,4.500
0.000,3.590,3.510,0.000,97748.000,3.590,3.510
3.080,58.600,57.180,1.750,899142.000,57.180,56.850
0.000,26.900,26.490,0.000,254553.000,26.900,26.490
0.340,20.690,20.680,0.070,355251.000,20.680,20.620
0.000,31.490,31.370,0.000,5017857.000,31.490,31.370
0.000,24.940,24.690,0.000,323812.000,24.940,24.690
2.260,106.760,104.600,2.360,2695264.000,104.600,104.400
1.070,55.540,54.840,0.590,35774.000,54.950,54.840
0.000,6.890,6.860,0.000,153762.000,6.890,6.860
0.000,38.700,38.600,0.000,3290774.000,38.700,38.600
0.000,77.980,77.130,0.000,136829.000,77.980,77.130
0.000,26.020,25.930,0.000,52914516.000,26.020,25.930
0.000,38.350,37.980,0.000,1432096.000,38.350,37.980
0.400,57.910,57.740,0.230,444512.000,57.740,57.680
0.940,41.890,41.720,0.390,1278995.000,41.720,41.500
0.590,86.580,86.080,0.510,202606.000,86.080,86.070
0.000,22.110,21.790,0.000,26255.000,22.110,21.790
1.920,96.670,94.830,1.820,4659666.000,94.850,94.830
2.090,7.820,7.635,0.160,3940868.000,7.820,7.635
0.000,0.930,0.943,0.000,196302.000,0.943,0.930
1.410,73.960,73.090,1.030,3674934.000,73.090,72.930
0.000,1.860,1.850,0.000,717084.000,1.860,1.850
0.620,9.730,9.700,0.060,240632.000,9.700,9.670
0.000,6.950,7.140,0.000,195271.000,7.140,6.950
4.700,31.410,30.000,1.410,723843.000,30.000,30.000
1.830,96.450,95.100,1.730,511332.000,95.100,94.720
0.000,19.530,19.450,0.000,296999.000,19.530,19.450
1.840,23.840,23.480,0.430,1195220.000,23.480,23.410
0.000,13.940,13.750,0.000,165746.000,13.940,13.750
0.000,39.950,38.750,0.000,83955.000,39.950,38.750
0.000,9.720,9.600,0.000,92436.000,9.720,9.600
0.000,13.180,13.180,0.000,575.000,13.180,13.180
0.000,14.570,14.060,0.000,93375.000,14.570,14.060
2.980,42.880,41.530,1.240,42789277.000,42.880,41.530
2.710,104.200,101.680,2.750,473999.000,101.680,101.450
0.000,8.179,8.160,0.000,92404.000,8.179,8.160
1.330,32.780,32.470,0.430,357179.000,32.470,32.350
0.430,7.050,6.990,0.030,285126.000,7.020,6.990
3.720,43.780,42.410,1.570,1253038.000,42.410,42.210
1.980,46.320,45.500,0.900,2919879.000,45.500,45.420
0.000,1.180,1.050,0.000,3356259.000,1.180,1.050
0.000,46.750,46.910,0.000,80343.000,46.910,46.750
0.000,52.430,51.210,0.000,1136556.000,52.430,51.210
4.560,41.940,40.180,1.830,260371.000,40.180,40.110
0.000,1.200,1.210,0.000,187460.000,1.210,1.200
0.000,8.330,8.280,0.000,260046.000,8.330,8.280
1.190,38.120,37.750,0.450,237685.000,37.750,37.670
0.000,11.180,10.880,0.000,19248.000,11.180,10.880
1.510,15.460,15.270,0.230,2495121.000,15.270,15.230
0.000,18.060,17.740,0.000,13072552.000,18.060,17.740
1.410,7.900,7.720,0.110,1572313.000,7.790,7.720
0.380,15.760,15.700,0.060,183177.000,15.700,15.700
4.360,314.470,300.480,13.130,2415890.000,301.340,300.480
3.050,5.740,5.590,0.170,1041748.000,5.590,5.570
0.000,52.050,51.240,0.000,1993159.000,52.050,51.240
6.580,9.230,8.690,0.570,147833.000,8.690,8.660
-2.030,2.410,2.450,-0.050,474476.000,2.460,2.450
0.380,28.950,28.850,0.110,546315.000,28.850,28.840
0.000,76.010,75.160,0.000,1140010.000,76.010,75.160
2.800,17.270,16.760,0.470,84381.000,16.800,16.760
1.930,31.610,31.000,0.600,337647.000,31.010,31.000
2.240,63.840,62.580,1.400,396043.000,62.580,62.440
0.000,21.670,22.320,0.000,17457.000,22.320,21.670
0.860,31.680,31.420,0.270,20054004.000,31.420,31.410
2.250,26.840,26.320,0.590,633678.000,26.320,26.250
0.000,24.190,23.570,0.000,4909801.000,24.190,23.570
2.130,56.470,55.330,1.180,670007.000,55.330,55.290
0.000,0.680,0.710,0.000,989588.000,0.710,0.000
1.740,39.720,39.150,0.680,9245223.000,39.720,39.040
1.180,16.320,16.180,0.190,2183177.000,16.180,16.130
1.740,174.540,171.610,2.990,5181660.000,171.610,171.550
0.000,14.940,14.990,0.000,35802.000,14.990,14.940
0.000,39.490,38.520,0.000,187710.000,39.490,38.520
1.860,9.300,9.160,0.170,893275.000,9.160,9.130
0.000,47.330,47.960,0.000,264152.000,47.960,47.330
1.370,40.030,39.420,0.540,181405.000,39.490,39.420
0.000,83.630,81.120,0.000,1391590.000,83.630,81.120
0.000,17.920,17.750,0.000,191659.000,17.920,17.750
3.210,34.430,33.450,1.070,153494.000,33.450,33.360
1.120,65.760,65.230,0.730,103790.000,65.230,65.030
0.000,42.870,42.220,0.000,174803.000,42.870,42.220
1.190,68.090,67.020,0.800,8243412.000,67.290,67.020
0.000,43.020,43.170,0.000,42879.000,43.170,43.020
0.290,17.050,17.010,0.050,478703.000,17.010,17.000
0.570,51.290,50.990,0.290,8481295.000,51.000,50.990
0.240,20.710,20.730,0.050,120440.000,20.730,20.660
0.000,3.680,3.680,0.000,166083.000,3.680,3.680
0.000,10.790,10.730,0.000,205338.000,10.790,10.730
1.240,20.440,20.260,0.250,326858.000,20.260,20.190
2.160,26.060,25.460,0.550,12912947.000,25.510,25.460
0.000,15.300,15.190,0.000,136343.000,15.300,15.190
1.850,70.480,69.550,1.280,473202.000,69.550,69.200
0.000,19.000,18.630,0.000,98915.000,19.000,18.630
1.860,23.560,23.200,0.430,375960.000,23.200,23.130
0.000,40.660,40.200,0.000,877917.000,40.660,40.200
0.850,45.120,44.910,0.380,393055.000,44.910,44.740
-2.880,19.200,19.840,-0.570,149567.000,19.840,19.770
1.120,79.400,78.800,0.880,1617926.000,78.800,78.520
0.970,27.040,26.830,0.260,206224.000,26.830,26.780
1.510,18.150,17.870,0.270,166684.000,17.880,17.870
0.000,1.070,1.000,0.000,4924039.000,1.070,1.000
2.880,46.750,45.365,1.310,4741124.000,45.440,45.365
1.170,48.570,48.140,0.560,1130089.000,48.140,48.010
0.000,24.970,24.670,0.000,4782821.000,24.970,24.670
0.000,4.200,4.160,0.000,949091.000,4.200,4.160
0.000,17.050,16.970,0.000,325582.000,17.050,16.970
1.190,41.530,41.050,0.490,139164.000,41.050,41.040
0.000,21.600,21.790,0.000,600734.000,21.790,21.600
0.000,81.540,81.500,0.000,2087453.000,81.540,81.500
0.000,38.240,38.980,0.000,285841.000,38.980,38.240
2.760,10.420,10.130,0.280,21348.000,10.140,10.130
0.580,24.380,24.090,0.140,51829.000,24.240,24.090
0.000,1.970,2.020,0.000,2950939.000,2.020,1.970
0.000,28.930,28.720,0.000,12787901.000,28.930,28.720
-0.740,9.330,9.440,-0.070,293922.000,9.440,9.400
0.000,2.741,2.760,0.000,14182102.000,2.760,2.741
2.020,18.720,18.380,0.370,78489.000,18.380,18.350
0.000,1.770,1.810,0.000,20222.000,1.810,1.770
-2.760,6.330,6.500,-0.180,162482.000,6.510,6.500
0.000,12.535,12.010,0.000,248848.000,12.535,12.010
2.530,84.540,82.200,2.090,5948362.000,82.450,82.200
0.000,91.220,89.560,0.000,519403.000,91.220,89.560
2.020,26.200,25.560,0.520,1127339.000,25.680,25.560
2.950,8.380,8.150,0.240,1884059.000,8.150,8.140
0.000,90.030,87.940,0.000,757520.000,90.030,87.940
0.000,18.600,17.250,0.000,508309.000,18.600,17.250
1.750,37.790,37.190,0.650,938281.000,37.190,37.140
1.060,13.290,13.120,0.140,54646.000,13.150,13.120
1.710,72.110,70.940,1.210,26523.000,70.940,70.900
1.340,46.840,46.300,0.620,342493.000,46.300,46.220
0.000,22.630,22.180,0.000,262400.000,22.630,22.180
0.060,65.750,65.670,0.040,345246.000,65.710,65.670
0.850,41.570,41.180,0.350,2532943.000,41.220,41.180
1.540,43.580,42.610,0.660,266838.000,42.920,42.610
4.900,21.400,20.370,1.000,1695059.000,20.400,20.370
0.000,17.190,16.780,0.000,3349881.000,17.190,16.780
0.000,23.850,23.480,0.000,324497.000,23.850,23.480
0.000,24.750,24.540,0.000,9181.000,24.750,24.540
0.610,9.970,9.910,0.060,159144.000,9.910,9.910
2.300,35.210,34.480,0.790,377553.000,34.480,34.420
0.000,31.090,30.780,0.000,133590.000,31.090,30.780
1.770,20.750,20.370,0.360,1031891.000,20.390,20.370
1.720,15.400,15.150,0.260,145130.000,15.150,15.140
0.000,17.480,17.450,0.000,62420.000,17.480,17.450
2.090,28.800,28.030,0.590,35120.000,28.210,28.030
1.160,54.940,54.360,0.630,172872.000,54.360,54.310
2.110,40.170,39.570,0.830,2656331.000,39.570,39.340
1.480,41.030,40.440,0.600,2671053.000,40.440,40.430
0.230,43.350,43.250,0.100,924526.000,43.250,43.250
0.000,49.000,48.470,0.000,4017897.000,49.000,48.470
2.190,41.580,40.810,0.890,32136736.000,40.810,40.690
0.000,35.250,35.210,0.000,983055.000,35.250,35.210
0.680,35.470,35.040,0.240,5831351.000,35.230,35.040
0.000,4.040,4.210,0.000,496876.000,4.210,4.040
0.560,1.780,1.770,0.010,230100.000,1.770,1.770
1.130,35.930,35.600,0.400,323524.000,35.600,35.530
0.000,7.190,7.160,0.000,99229.000,7.190,7.160
0.000,16.145,15.940,0.000,13520098.000,16.145,15.940
0.000,90.350,89.610,0.000,1189282.000,90.350,89.610
0.000,8.880,8.830,0.000,25132.000,8.880,8.830
0.000,25.730,25.300,0.000,11710240.000,25.730,25.300
0.000,3.270,3.260,0.000,107340.000,3.260,0.000
0.340,17.560,17.530,0.060,1513279.000,17.530,17.500
2.190,25.710,25.260,0.550,974227.000,25.260,25.160
3.460,100.170,96.640,3.350,27226.000,96.820,96.640
8.890,6.860,6.210,0.560,1831486.000,6.300,6.210
0.000,21.500,21.360,0.000,390417.000,21.500,21.360
1.860,20.260,19.960,0.370,1631812.000,19.960,19.890
1.210,4.190,4.130,0.050,247726.000,4.140,4.130
2.210,5.090,5.000,0.110,125110.000,5.000,4.980
0.000,7.830,7.460,0.000,30641354.000,7.830,7.460
2.840,16.310,15.990,0.450,18562561.000,16.310,15.860
0.270,14.980,14.950,0.040,44603.000,14.950,14.940
2.570,88.990,86.920,2.230,1250771.000,86.920,86.760
2.400,36.260,35.540,0.850,299645.000,35.540,35.410
0.920,39.600,39.310,0.360,16395.000,39.310,39.240
0.000,29.540,28.960,0.000,2273078.000,29.540,28.960
0.000,10.070,10.440,0.000,16815.000,10.440,10.070
2.200,399.670,392.500,8.620,4912.000,392.500,391.050
3.190,14.240,13.840,0.440,2190147.000,13.840,13.800
0.870,70.560,69.610,0.610,496176.000,69.950,69.610
1.610,8.200,8.080,0.130,11181311.000,8.080,8.070
0.000,19.500,19.180,0.000,87495.000,19.500,19.180
0.630,20.650,20.510,0.130,1029493.000,20.520,20.510
2.240,62.430,61.300,1.370,153646.000,61.300,61.060
0.000,32.420,33.020,0.000,1053001.000,33.020,32.420
0.630,6.440,6.430,0.040,289362.000,6.430,6.400
0.000,42.800,41.555,0.000,5753266.000,42.800,41.555
1.220,53.170,52.490,0.640,2328858.000,52.530,52.490
2.210,69.040,67.340,1.490,1034508.000,67.550,67.340
1.910,101.870,100.080,1.910,118234.000,100.080,99.960
0.000,30.500,30.220,0.000,96034.000,30.500,30.220
2.470,10.780,10.540,0.260,622227.000,10.540,10.520
0.000,46.460,45.980,0.000,6404343.000,46.460,45.980
1.700,28.710,28.320,0.480,1150826.000,28.320,28.230
1.310,100.880,99.940,1.300,240911.000,99.940,99.580
0.000,32.740,32.260,0.000,12962578.000,32.740,32.260
0.000,209.490,205.550,0.000,4012454.000,209.490,205.550
0.000,52.330,52.240,0.000,2315938.000,52.330,52.240
0.000,33.430,33.090,0.000,2119324.000,33.430,33.090
0.000,21.870,21.570,0.000,18974.000,21.870,21.570
1.190,11.090,10.980,0.130,137487688.000,10.980,10.960
0.000,42.940,42.310,0.000,107259.000,42.940,42.310
0.000,38.390,37.530,0.000,157372.000,38.390,37.530
0.000,10.650,10.630,0.000,67517.000,10.650,10.630
0.000,267.990,262.060,0.000,3991984.000,267.990,262.060
1.130,53.500,52.850,0.600,17078362.000,52.900,52.850
0.000,34.440,33.840,0.000,120013.000,34.440,33.840
1.450,67.300,66.360,0.960,1045018.000,66.360,66.340
-2.500,7.420,7.420,-0.190,457416.000,7.420,7.420
1.580,28.310,27.870,0.440,353800.000,27.870,27.870
1.140,20.430,20.250,0.230,6497177.000,20.250,20.200
1.040,35.020,34.790,0.360,78781.000,34.790,34.660
2.090,19.030,18.670,0.390,519680.000,18.670,18.640
0.880,11.490,11.390,0.100,730864.000,11.390,11.390
-0.110,8.710,8.750,-0.010,2369876.000,8.750,8.720
0.000,21.180,20.900,0.000,158838.000,21.180,20.900
0.970,6.250,6.200,0.060,656841.000,6.200,6.190
0.880,34.390,34.050,0.300,1810834.000,34.090,34.050
2.040,67.470,66.230,1.350,1357073.000,66.230,66.120
0.000,15.650,15.160,0.000,1018331.000,15.650,15.160
0.000,33.580,33.120,0.000,1264206.000,33.580,33.120
2.220,8.760,8.600,0.190,535522.000,8.600,8.570
2.120,13.000,12.740,0.270,681425.000,12.740,12.730
-1.480,5.330,5.370,-0.080,914570.000,5.410,5.370
1.630,43.150,42.500,0.690,636874.000,42.500,42.460
2.990,33.740,32.890,0.980,1797497.000,32.890,32.760
0.740,16.240,16.140,0.120,82648.000,16.140,16.120
0.000,18.280,18.230,0.000,213059.000,18.280,18.230
0.410,41.500,41.470,0.170,276203.000,41.470,41.330
-0.880,64.090,64.760,-0.570,2286812.000,64.760,64.660
1.540,16.500,16.320,0.250,167487.000,16.320,16.250
0.000,26.900,26.420,0.000,9037737.000,26.900,26.420
0.000,10.880,10.680,0.000,663601.000,10.880,10.680
0.000,1.460,1.480,0.000,1452463.000,1.480,1.460
1.370,72.750,71.700,0.980,161776.000,71.770,71.700
3.250,17.770,17.160,0.560,4868306.000,17.210,17.160
-0.390,50.820,51.160,-0.200,266041.000,51.160,51.020
0.000,12.130,12.130,0.000,151623.000,12.130,12.130
1.700,137.590,135.520,2.300,217725.000,135.520,135.290
0.680,90.210,89.700,0.610,57103.000,89.700,89.600
1.730,75.810,74.440,1.290,1454391.000,74.520,74.440
3.630,47.060,45.470,1.650,3675804.000,45.470,45.410
0.000,24.330,24.100,0.000,1428014.000,24.330,24.100
1.360,20.880,20.600,0.280,242308.000,20.600,20.600
-0.560,44.100,44.550,-0.250,2717782.000,44.550,44.350
0.760,18.460,18.310,0.140,1601824.000,18.320,18.310
0.000,13.290,13.010,0.000,11676055.000,13.290,13.010
1.120,25.390,25.060,0.280,3113921.000,25.110,25.060
0.000,22.940,22.970,0.000,31182.000,22.970,22.940
2.040,27.460,26.980,0.550,573348.000,26.980,26.910
4.170,11.230,10.890,0.450,1022930.000,10.890,10.780
1.250,16.950,16.790,0.210,819653.000,16.790,16.740
1.740,37.960,37.450,0.650,95821.000,37.450,37.310
3.850,38.550,37.100,1.430,519902.000,37.120,37.100
2.370,37.980,37.030,0.880,1067681.000,37.100,37.030
0.170,18.030,17.980,0.030,604535.000,18.000,17.980
0.000,31.530,31.330,0.000,4218336.000,31.530,31.330
0.640,4.700,4.700,0.030,186772.000,4.700,4.670
1.620,20.710,20.430,0.330,261677.000,20.430,20.380
0.000,29.550,29.040,0.000,95785.000,29.550,29.040
0.000,27.990,27.120,0.000,34370.000,27.990,27.120
1.950,28.810,28.370,0.550,333849.000,28.370,28.260
3.110,71.210,69.410,2.150,718658.000,69.410,69.060
6.120,2.080,1.960,0.120,925489.000,1.960,1.960
0.550,18.170,18.030,0.100,232677.000,18.070,18.030
0.000,31.050,30.600,0.000,2094283.000,31.050,30.600
1.840,33.800,33.270,0.610,136624.000,33.270,33.190
0.550,83.880,82.960,0.460,132961.000,83.420,82.960
0.000,19.790,19.610,0.000,632479.000,19.790,19.610
1.510,36.920,36.400,0.550,6177246.000,36.400,36.370
2.220,16.130,15.850,0.350,4323447.000,15.850,15.780
2.240,37.900,37.140,0.830,248233.000,37.140,37.070
0.000,66.100,65.290,0.000,853.000,66.100,65.290
1.570,20.720,20.440,0.320,781623.000,20.440,20.400
0.790,17.930,17.870,0.140,253309.000,17.870,17.790
1.570,65.930,64.570,1.020,835474.000,64.910,64.570
1.410,54.010,53.350,0.750,41205.000,53.350,53.260
0.000,74.240,73.540,0.000,679669.000,74.240,73.540
1.890,27.540,27.050,0.510,1487544.000,27.050,27.030
1.190,44.960,44.400,0.530,95266.000,44.430,44.400
1.520,104.820,103.320,1.570,147849.000,103.320,103.250
-0.190,5.260,5.260,-0.010,313290.000,5.260,5.260
0.000,11.190,10.690,0.000,47521.000,11.190,10.690
2.160,6.150,6.020,0.130,518474.000,6.020,6.020
0.000,22.200,22.350,0.000,51260.000,22.350,22.200
0.890,6.780,6.700,0.060,12541.000,6.720,6.700
0.570,19.530,19.500,0.110,5232027.000,19.500,19.420
1.580,0.610,0.600,0.009,963227.000,0.601,0.600
0.000,149.570,144.520,0.000,2573900.000,149.570,144.520
0.000,66.070,65.600,0.000,1138794.000,66.070,65.600
0.000,11.410,11.190,0.000,1274813.000,11.410,11.190
0.000,11.850,11.870,0.000,218000.000,11.870,11.850
0.000,12.560,12.240,0.000,216715.000,12.560,12.240
3.190,70.460,68.180,2.180,202285.000,68.280,68.180
1.090,45.550,45.230,0.490,1176093.000,45.230,45.060
0.000,96.110,93.940,0.000,83378.000,96.110,93.940
0.000,23.030,22.500,0.000,99700.000,23.030,22.500
3.650,21.010,20.350,0.740,1148474.000,20.350,20.270
0.000,7.490,7.450,0.000,196976.000,7.490,7.450
0.980,20.710,20.580,0.200,804581.000,20.580,20.510
2.030,74.280,72.910,1.480,326426.000,72.910,72.800
0.860,16.480,16.310,0.140,264884.000,16.340,16.310
1.670,36.460,35.780,0.600,392769.000,35.860,35.780
0.000,40.190,39.620,0.000,6439168.000,40.190,39.620
1.420,105.520,104.040,1.480,3215142.000,104.040,104.040
0.250,20.050,20.000,0.050,3392909.000,20.000,20.000
0.750,1.340,1.330,0.010,9766312.000,1.330,1.330
-0.490,6.080,6.120,-0.030,31197.000,6.120,6.110
0.540,83.750,83.470,0.450,1495911.000,83.470,83.300
0.880,35.600,35.170,0.310,9881855.000,35.600,35.170
0.000,143.346,139.440,0.000,7246560.000,143.346,139.440
2.160,29.810,29.230,0.630,4225519.000,29.230,29.180
0.000,63.745,62.770,0.000,739570.000,63.745,62.770
0.000,31.690,32.070,0.000,362723.000,32.070,31.690
0.000,0.230,0.225,0.000,414923.000,0.230,0.225
1.280,56.870,56.050,0.720,166387.000,56.150,56.050
0.000,20.160,19.870,0.000,24532.000,20.160,19.870
2.110,78.010,76.510,1.610,141874.000,76.510,76.400
1.830,7.250,7.110,0.130,3065372.000,7.120,7.110
0.000,36.130,35.420,0.000,332401.000,36.130,35.420
0.000,75.330,74.730,0.000,63640.000,75.330,74.730
-0.820,13.280,13.460,-0.110,153498.000,13.460,13.390
0.000,80.780,80.310,0.000,1686578.000,80.780,80.310
2.710,32.930,32.080,0.870,277440.000,32.080,32.060
5.080,26.690,25.490,1.290,2277982.000,25.490,25.400
3.880,9.650,9.300,0.360,173073.000,9.300,9.290
0.000,36.200,34.980,0.000,753956.000,36.200,34.980
0.730,20.750,20.500,0.150,30753554.000,20.750,20.500
-0.170,41.260,41.200,-0.070,257889.000,41.330,41.200
0.000,44.170,44.160,0.000,37285598.000,44.170,44.160
0.320,37.810,37.780,0.120,761920.000,37.780,37.690
0.000,7.020,6.910,0.000,523929.000,7.020,6.910
1.680,12.710,12.470,0.210,5603005.000,12.500,12.470
1.260,15.310,15.110,0.190,355963.000,15.120,15.110
3.290,11.290,10.970,0.360,664130.000,10.970,10.930
0.000,21.050,20.950,0.000,160727.000,21.050,20.950
0.000,81.270,80.370,0.000,822180.000,81.270,80.370
1.070,26.480,26.360,0.280,461743.000,26.360,26.200
0.000,16.980,16.700,0.000,13751028.000,16.980,16.700
1.410,25.140,24.820,0.350,162122.000,24.820,24.790
0.000,78.670,77.420,0.000,282342.000,78.670,77.420
2.590,45.230,44.120,1.140,3585131.000,45.230,44.090
0.000,16.790,16.460,0.000,125333.000,16.790,16.460
0.000,2.840,2.800,0.000,475751.000,2.840,2.800
0.000,5.570,5.420,0.000,782493.000,5.570,5.420
0.000,38.520,38.190,0.000,2797665.000,38.520,38.190
1.580,25.110,24.680,0.390,67733.000,24.720,24.680
0.000,24.330,23.960,0.000,142310.000,24.330,23.960
0.000,64.410,63.690,0.000,1133408.000,64.410,63.690
-0.090,32.470,32.620,-0.030,583497.000,32.620,32.500
0.000,24.330,24.830,0.000,45789.000,24.830,24.330
1.110,27.210,27.050,0.300,618353.000,27.050,26.910
0.000,10.700,10.460,0.000,94786.000,10.700,10.460
0.000,9.170,9.160,0.000,605271.000,9.170,9.160
0.180,16.720,16.740,0.030,4081630.000,16.740,16.690
2.360,26.410,25.690,0.610,3950642.000,25.800,0.000
1.420,35.030,34.550,0.490,3199280.000,34.550,34.540
0.000,5.330,5.330,0.000,15539.000,5.330,5.330
0.000,54.320,53.510,0.000,8717503.000,54.320,53.510
1.330,47.910,47.230,0.630,165894.000,47.280,47.230
0.680,28.140,27.970,0.190,77925.000,27.970,27.950
0.000,48.840,48.320,0.000,320159.000,48.840,48.320
0.000,58.280,58.440,0.000,5357972.000,58.440,58.280
0.000,20.760,20.130,0.000,1324911.000,20.760,20.130
0.000,1.220,1.240,0.000,215023.000,1.240,1.220
0.000,24.520,24.540,0.000,7447.000,24.540,24.520
0.000,28.920,28.180,0.000,3349171.000,28.920,28.180
1.450,33.590,33.130,0.480,196847.000,33.130,33.110
0.000,10.680,10.630,0.000,376023.000,10.680,10.630
0.000,130.280,126.000,0.000,430020.000,130.280,126.000
2.030,15.550,15.270,0.310,149535.000,15.270,15.240
1.760,87.530,86.030,1.510,762112.000,86.030,86.020
1.790,37.050,36.550,0.650,14855025.000,37.050,36.400
2.320,44.990,43.960,1.020,591464.000,43.970,43.960
0.000,6.070,6.120,0.000,287041.000,6.120,6.070
0.000,378.650,373.250,0.000,229938.000,378.650,373.250
0.000,74.800,73.480,0.000,2166648.000,74.800,73.480
1.690,16.850,16.560,0.280,220454.000,16.570,16.560
0.550,31.130,31.040,0.170,1040310.000,31.040,30.960
2.900,51.860,50.330,1.460,872728.000,50.400,50.330
-0.930,4.270,4.390,-0.040,143845.000,4.390,4.310
1.330,80.290,79.380,1.050,467906.000,79.380,79.240
3.110,45.440,43.990,1.370,576163.000,44.070,43.990
0.000,4.570,4.550,0.000,206151.000,4.570,4.550
0.000,8.370,8.180,0.000,79625.000,8.370,8.180
0.000,20.480,19.910,0.000,79260.000,20.480,19.910
3.770,34.970,33.760,1.270,856706.000,33.760,33.700
0.000,37.055,36.570,0.000,3763470.000,37.055,36.570
1.180,33.370,32.950,0.390,386759.000,32.980,32.950
0.800,51.710,51.370,0.410,1896824.000,51.370,51.300
1.970,97.630,95.980,1.890,483177.000,95.980,95.740
1.360,67.210,66.310,0.900,1184959.000,66.310,66.310
0.000,3.020,3.020,0.000,238823.000,3.020,3.020
2.730,42.090,41.080,1.120,3496883.000,41.080,40.970
0.000,33.350,32.900,0.000,22187.000,33.350,32.900
0.000,26.220,25.960,0.000,412722.000,26.220,25.960
1.240,52.340,51.690,0.640,6348526.000,51.700,51.690
2.800,25.360,24.670,0.690,4242670.000,24.670,24.670
0.000,51.700,51.490,0.000,1484415.000,51.700,51.490
1.550,9.810,9.710,0.150,392008.000,9.710,9.660
1.140,39.820,39.360,0.450,29824.000,39.370,39.360
0.000,15.450,15.080,0.000,16273522.000,15.450,15.080
1.590,57.400,56.540,0.900,340772.000,56.540,56.500
0.000,12.530,12.290,0.000,392883.000,12.530,12.290
0.910,96.450,95.470,0.870,1238396.000,95.580,95.470
0.000,15.040,14.970,0.000,92246.000,15.040,14.970
0.000,4.960,4.950,0.000,76877.000,4.960,4.950
2.730,56.750,55.290,1.510,3358635.000,55.290,55.240
1.980,21.120,20.820,0.410,930796.000,20.820,20.710
0.000,45.240,44.640,0.000,465748.000,45.240,44.640
0.000,524.798,513.390,0.000,1058528.000,524.798,513.390
0.680,87.200,86.670,0.590,844160.000,86.670,86.610
0.000,45.334,45.350,0.000,114888.000,45.350,45.334
0.080,38.190,38.190,0.030,79615.000,38.190,38.160
1.430,14.870,14.630,0.210,2582541.000,14.660,14.630
0.000,80.180,79.950,0.000,1065984.000,80.180,79.950
0.000,47.510,46.910,0.000,846696.000,47.510,46.910
0.000,5.320,5.350,0.000,155107.000,5.350,5.320
0.760,41.680,41.490,0.315,192090.000,41.490,41.365
0.000,57.880,56.790,0.000,12142000.000,57.880,56.790
1.230,58.390,57.620,0.710,1523078.000,57.680,57.620
