0.440,11.350,11.340,0.050,146095.000,11.540,11.170
-0.590,20.380,20.530,-0.120,174643.000,20.760,20.240
0.830,13.440,13.380,0.110,230860.000,13.489,13.270
-1.270,63.660,64.880,-0.820,455414.000,65.150,63.430
1.630,6.220,6.120,0.100,435837.000,6.230,6.050
-0.510,31.060,31.370,-0.160,1090632.000,31.370,30.880
1.460,51.380,51.020,0.740,288182.000,51.400,50.240
-0.470,23.500,23.630,-0.110,2132566.000,23.710,23.360
0.180,34.300,34.360,0.060,1411603.000,34.560,34.020
5.180,21.130,20.190,1.040,3796473.000,21.130,20.175
0.620,48.540,48.240,0.300,12914.000,48.820,48.170
-0.330,56.800,57.080,-0.190,2042973.000,57.120,56.590
1.130,37.460,37.210,0.420,1995287.000,37.510,36.970
0.390,17.890,17.950,0.070,40571.000,18.030,17.810
0.480,21.000,20.880,0.100,24723.000,21.040,20.870
-0.330,18.220,18.320,-0.060,119886.000,18.430,18.080
1.630,38.730,38.100,0.620,511436.000,38.780,37.560
1.340,15.930,15.760,0.210,274233.000,15.940,15.630
3.370,3.370,3.280,0.110,1497369.000,3.390,3.280
0.340,52.480,52.570,0.180,1326537.000,52.570,51.370
-0.090,11.100,11.170,-0.010,119109.000,11.180,11.070
0.230,4.330,4.350,0.010,117917.000,4.350,4.260
0.110,71.270,71.700,0.080,3827135.000,71.710,70.850
1.130,16.100,15.910,0.180,32261.000,16.210,15.910
-4.060,10.640,11.110,-0.450,154561.000,11.110,10.600
2.040,23.000,22.580,0.460,101632.000,23.250,22.100
6.950,16.320,15.500,1.060,280412.000,16.680,15.340
0.110,36.910,37.030,0.040,51445.000,37.180,36.770
0.440,11.370,11.340,0.050,4284386.000,11.400,11.230
-0.650,18.410,18.550,-0.120,50001358.000,18.680,18.290
0.700,13.000,12.920,0.090,250890.000,13.050,12.880
0.180,5.660,5.650,0.010,281391.000,5.730,5.520
0.060,16.760,16.780,0.010,365856.000,16.860,16.565
0.910,55.540,55.540,0.500,1127042.000,55.630,54.910
0.890,10.240,10.220,0.090,403967.000,10.270,10.120
1.280,52.290,51.790,0.660,552736.000,52.310,51.300
-0.950,31.280,31.750,-0.300,250861.000,31.890,31.020
-0.490,14.090,14.230,-0.070,1223650.000,14.260,13.950
0.210,42.670,42.710,0.090,4521416.000,42.850,41.910
-0.310,67.450,67.730,-0.210,10087506.000,67.950,66.990
0.220,9.200,9.280,0.020,489331.000,9.350,9.080
0.410,4.940,4.920,0.020,315051.000,4.970,4.900
-0.720,86.000,84.960,-0.620,3985990.000,86.030,84.190
0.160,85.350,85.220,0.140,262454.000,85.400,85.200
0.440,68.880,68.950,0.300,174622.000,69.460,67.800
-0.290,17.240,17.380,-0.050,1718645.000,17.390,17.161
1.050,36.470,36.220,0.380,86582.000,36.520,36.050
0.470,15.080,15.030,0.070,47389.000,15.100,14.810
0.890,30.630,30.550,0.270,4871622.000,30.660,30.210
0.770,66.930,66.620,0.510,5453926.000,67.070,66.170
-0.840,52.140,52.730,-0.440,2705516.000,52.860,51.760
-2.140,8.250,8.430,-0.180,297939.000,8.500,8.030
1.440,26.060,25.740,0.370,126845.000,26.100,25.625
0.830,7.300,7.320,0.060,1272878.000,7.390,7.205
1.760,8.690,8.550,0.150,66376.000,8.700,8.490
0.200,5.000,5.000,0.010,1495113.000,5.050,4.840
0.150,13.160,13.170,0.020,1042880.000,13.180,13.110
3.280,12.580,12.280,0.400,3258737.000,12.620,12.090
13.810,9.970,9.130,1.210,5141515.000,10.000,9.050
0.360,64.830,64.680,0.230,10870827.000,64.850,64.330
2.960,7.300,7.110,0.210,96596.000,7.350,7.110
0.180,22.130,22.140,0.040,2282858.000,22.195,21.970
3.310,80.460,78.990,2.580,4202218.000,80.600,78.660
-0.100,9.530,9.650,-0.010,650482.000,9.739,9.400
0.290,58.970,59.170,0.170,191510.000,59.390,58.550
1.950,81.580,80.260,1.560,260174.000,81.590,79.820
-1.110,2.680,2.710,-0.030,43892.000,2.750,2.680
0.000,1.300,1.310,0.000,277014.000,1.370,1.280
2.650,33.660,33.200,0.870,2831630.000,33.740,33.130
-0.900,91.800,93.030,-0.830,374897.000,93.190,91.160
-1.080,11.960,12.130,-0.130,744030.000,12.130,11.900
1.270,11.190,11.070,0.140,439820.000,11.250,11.070
0.160,61.900,62.260,0.100,754056.000,62.900,61.560
-0.510,85.560,86.340,-0.440,971165.000,86.479,85.240
-0.140,36.830,36.830,-0.050,12057938.000,36.990,36.650
-0.870,38.800,39.190,-0.340,1692533.000,39.290,38.390
-0.580,27.520,27.770,-0.160,4383069.000,27.860,27.390
0.000,4.760,4.770,0.000,189242.000,4.840,4.740
-0.650,41.000,41.270,-0.270,5962970.000,41.360,40.705
0.000,18.970,19.030,0.000,7983733.000,19.110,18.870
1.850,24.260,23.870,0.440,21322.000,24.370,23.870
-0.990,44.060,44.600,-0.440,1548503.000,45.270,43.620
-0.840,5.880,5.970,-0.050,596966.000,6.070,5.850
0.420,48.200,48.280,0.200,259601.000,48.470,47.620
1.990,97.310,95.820,1.900,2778031.000,97.420,93.680
-0.590,21.980,22.170,-0.130,6172655.000,22.220,21.730
0.070,13.560,13.640,0.010,8624036.000,13.652,13.460
0.130,30.200,30.210,0.040,543490.000,30.300,29.640
2.540,38.000,37.110,0.940,34394.000,38.090,37.110
-0.050,41.010,41.320,-0.020,284393.000,41.580,40.440
-0.950,28.230,28.620,-0.270,5881389.000,28.630,27.935
-2.010,24.380,25.060,-0.500,7654362.000,25.070,24.170
0.650,23.140,23.050,0.150,659184.000,23.180,22.880
-2.560,31.170,32.460,-0.820,587699.000,32.500,30.960
11.390,7.430,6.750,0.760,1524979.000,7.440,6.750
6.270,7.290,7.120,0.430,4594980.000,7.450,7.050
0.590,11.910,11.870,0.070,5553234.000,11.980,11.800
-1.990,9.350,9.630,-0.190,4654710.000,9.650,9.290
0.410,16.990,16.960,0.070,115293.000,17.310,16.820
0.600,108.150,106.420,0.650,20139.000,108.560,106.420
0.130,23.070,23.230,0.030,129720.000,23.380,22.920
0.610,1.650,1.650,0.010,51808.000,1.670,1.620
-2.070,6.140,6.280,-0.130,4647239.000,6.350,6.120
0.500,42.060,41.960,0.210,1672494.000,42.160,41.350
-0.720,53.890,54.470,-0.390,56107.000,54.620,53.620
0.420,33.150,33.100,0.140,3081087.000,33.300,32.890
2.630,7.410,7.290,0.190,53857.000,7.490,7.200
0.020,43.900,43.940,0.010,2217115.000,44.030,43.570
1.670,43.940,43.330,0.720,624371.000,44.350,43.210
-1.890,3.110,3.170,-0.060,98242.000,3.170,3.010
0.280,17.650,17.720,0.050,282338.000,17.776,17.520
1.600,34.350,34.050,0.540,3288021.000,34.520,34.040
1.290,14.870,14.760,0.190,9381067.000,14.930,14.540
-0.550,12.600,12.790,-0.070,5034276.000,12.790,12.570
-0.700,56.650,57.150,-0.400,85035.000,57.670,56.120
1.740,53.230,52.530,0.910,2261715.000,53.280,52.391
1.470,31.020,30.800,0.450,1772995.000,31.160,30.350
0.570,88.320,88.120,0.500,4120161.000,88.600,87.620
-0.370,10.850,10.880,-0.040,22742.000,10.920,10.830
-1.030,40.530,41.230,-0.420,326884.000,41.370,40.210
1.150,11.480,11.410,0.130,1511397.000,11.490,11.240
-0.640,7.720,7.780,-0.050,29904.000,7.800,7.658
-0.500,41.640,42.210,-0.210,1149474.000,42.290,41.420
-0.620,12.800,12.920,-0.080,95439.000,13.010,12.510
1.040,15.590,15.520,0.160,54238076.000,15.700,15.450
-0.980,52.680,53.510,-0.520,172656.000,53.510,52.500
1.020,9.920,9.930,0.100,1654440.000,10.070,9.840
2.690,113.940,112.410,2.980,1794308.000,113.990,110.660
-1.180,8.410,8.660,-0.100,12162684.000,8.670,8.310
1.430,14.930,14.850,0.210,14843760.000,14.950,14.660
0.930,3.250,3.220,0.030,330213.000,3.290,3.170
-1.520,1.300,1.320,-0.020,2207209.000,1.340,1.260
0.220,26.850,26.870,0.060,44659.000,26.970,26.510
1.310,20.050,19.900,0.260,1680575.000,20.090,19.760
3.280,54.710,53.300,1.740,764200.000,54.720,53.070
-0.140,35.910,36.090,-0.050,9876526.000,36.090,35.490
0.100,83.200,83.400,0.080,929941.000,83.400,82.560
0.120,49.770,49.740,0.060,83776.000,50.670,49.200
-0.040,25.350,25.410,-0.010,546041.000,25.420,25.030
0.870,51.180,50.960,0.440,466601.000,51.220,50.560
0.060,52.650,52.830,0.030,1451078.000,53.000,52.360
0.740,17.730,17.640,0.130,24662.000,17.887,17.550
1.720,17.110,16.810,0.290,127586.000,17.140,16.420
9.570,1.260,1.150,0.110,2325460.000,1.310,1.150
-0.380,85.480,85.880,-0.330,5872415.000,86.050,84.920
-0.660,12.080,12.210,-0.080,866611.000,12.250,12.030
-0.490,54.820,55.390,-0.270,573097.000,55.490,54.230
0.000,53.630,53.730,0.000,10110574.000,53.972,53.460
-1.350,32.950,33.510,-0.450,87694.000,33.700,32.690
-0.250,10.165,10.190,-0.025,70735.000,10.390,10.080
1.870,27.290,28.100,0.500,8686902.000,28.490,27.060
0.160,18.280,18.200,0.030,1582050.000,18.310,18.070
-0.130,23.250,23.420,-0.030,1316185.000,23.420,23.010
0.680,7.410,7.370,0.050,55134.000,7.530,7.370
-1.490,9.230,9.430,-0.140,207974.000,9.470,9.190
0.200,4.910,4.920,0.010,599655.000,4.990,4.850
-1.620,28.460,29.050,-0.470,219145.000,29.050,28.210
-9.930,28.920,27.900,-3.190,7159102.000,28.990,27.900
0.990,63.310,62.930,0.620,543573.000,63.330,61.780
-0.720,2.740,2.775,-0.020,8327581.000,2.780,2.700
-0.720,48.380,49.060,-0.350,1621089.000,49.170,47.910
-0.140,55.330,55.430,-0.080,145259.000,55.980,55.130
1.230,12.380,12.270,0.150,417578.000,12.420,12.160
0.530,18.910,18.850,0.100,5030005.000,19.030,18.710
-0.390,55.750,56.080,-0.220,2632286.000,56.080,55.330
5.530,47.340,46.390,2.480,3026660.000,47.470,45.650
0.410,39.440,39.430,0.160,922073.000,39.440,38.960
-0.570,36.880,37.420,-0.210,1149506.000,37.640,36.670
-4.240,1.130,1.140,-0.050,364697.000,1.190,1.130
1.010,69.690,69.280,0.700,1607698.000,69.740,68.250
0.450,76.300,76.080,0.340,702798.000,76.470,75.650
-0.970,51.960,52.490,-0.510,7039497.000,52.780,51.590
0.640,10.960,11.070,0.070,405251.000,11.070,10.850
2.260,9.960,9.830,0.220,654615.000,10.080,9.770
0.690,20.310,20.200,0.140,135031.000,20.310,19.950
-0.810,44.260,44.890,-0.360,207235.000,45.070,44.030
0.120,32.090,32.150,0.040,25134583.000,32.260,31.840
0.120,74.230,74.320,0.090,299739.000,74.960,73.200
2.100,22.380,21.920,0.460,133556.000,22.700,21.920
0.490,49.450,49.520,0.240,232241.000,49.830,48.830
1.450,106.190,105.680,1.520,10129361.000,106.300,105.140
1.270,22.400,22.150,0.280,109553.000,22.650,21.890
-0.650,30.600,31.080,-0.200,39835.000,31.500,30.460
2.350,8.700,8.580,0.200,139193.000,8.770,8.560
0.850,29.820,29.630,0.250,81050.000,29.980,29.260
0.420,81.050,81.150,0.340,401933.000,81.450,80.130
1.000,9.060,8.990,0.090,381807.000,9.060,8.930
0.000,3.680,3.710,0.000,515317.000,3.760,3.660
3.740,105.330,102.400,3.800,914994.000,105.350,102.000
-0.370,10.780,10.830,-0.040,40737.000,10.940,10.740
5.370,58.480,58.150,2.980,2718872.000,59.220,57.760
-2.320,24.050,24.740,-0.570,454478.000,24.840,23.790
2.090,23.480,23.350,0.480,1858644.000,23.620,23.250
0.440,31.880,31.810,0.140,344754.000,31.930,31.650
-0.220,23.040,23.200,-0.050,1189202.000,23.290,22.860
1.720,7.100,7.030,0.120,276436.000,7.180,6.970
8.720,24.930,24.130,2.000,10674516.000,25.060,23.400
0.290,57.900,58.140,0.170,2919081.000,58.310,57.600
0.290,52.600,52.560,0.150,1836482.000,52.910,52.100
1.270,32.630,32.310,0.410,294608.000,32.730,31.976
2.000,364.920,361.170,7.150,17008861.000,365.000,359.170
-0.290,10.260,10.310,-0.030,18136.000,10.460,10.240
0.560,44.820,44.790,0.250,1347245.000,44.950,44.450
0.000,15.200,15.240,0.000,12313732.000,15.330,14.970
0.660,6.060,6.120,0.040,1884999.000,6.140,5.750
-1.180,12.580,12.730,-0.150,827576.000,12.950,12.310
-0.050,62.220,62.500,-0.030,1610120.000,62.650,61.890
0.780,104.000,102.720,0.810,1576567.000,104.690,102.550
-0.460,78.560,79.060,-0.360,989441.000,79.160,77.780
1.650,109.360,108.770,1.780,6618625.000,109.360,107.140
-0.650,13.740,13.850,-0.090,40287.000,14.160,13.610
1.260,32.830,32.500,0.410,279931.000,32.880,32.360
0.680,5.890,5.900,0.040,41629.000,5.930,5.794
-0.180,45.530,45.780,-0.080,261714.000,45.780,45.250
-0.940,63.090,63.820,-0.600,1179909.000,64.000,62.630
0.420,26.370,25.980,0.110,13149540.000,26.370,25.670
-1.970,17.400,17.820,-0.350,191681.000,17.830,17.300
-0.260,58.660,59.040,-0.150,1915188.000,59.230,58.060
-1.320,52.360,53.190,-0.700,711320.000,53.490,51.840
-0.340,53.110,53.380,-0.180,2633030.000,53.590,52.715
-0.560,10.560,10.670,-0.060,390645.000,10.670,10.530
1.340,17.370,17.190,0.230,40796.000,17.430,17.160
0.150,60.670,60.770,0.090,1701748.000,61.010,60.250
0.330,49.350,49.440,0.160,2299274.000,49.540,48.591
3.150,17.330,17.250,0.530,1212274.000,17.340,16.800
0.270,52.620,52.490,0.140,4726261.000,52.730,51.710
-0.120,24.780,24.850,-0.030,141363.000,25.050,24.440
0.840,6.000,5.960,0.050,48545.000,6.010,5.960
1.190,110.940,111.250,1.310,2222259.000,112.230,109.110
2.210,84.000,82.310,1.820,6526.000,84.100,82.310
-0.130,68.830,69.020,-0.090,812840.000,69.720,68.200
-0.210,24.110,24.150,-0.050,198223.000,24.230,24.000
0.100,39.620,39.930,0.040,632643.000,40.410,38.880
-0.410,82.030,82.610,-0.340,677674.000,82.650,81.400
-4.510,22.630,23.050,-1.070,456041.000,23.060,22.250
1.230,39.600,39.460,0.480,427230.000,39.610,38.810
-0.030,32.690,32.950,-0.010,1089647.000,33.200,32.210
-0.520,54.000,54.320,-0.280,3493591.000,54.340,53.280
1.250,184.540,187.790,2.270,745274.000,187.800,182.350
-0.020,56.580,56.710,-0.010,2837988.000,56.980,55.270
1.380,89.670,88.850,1.220,1162561.000,89.750,88.590
0.540,9.300,9.270,0.050,49163.000,9.600,9.270
0.030,118.370,118.770,0.030,35426.000,118.770,117.790
2.860,61.760,60.380,1.720,518537.000,61.930,59.930
6.060,46.520,44.225,2.660,1719590.000,46.610,44.225
0.320,18.680,18.690,0.060,1116252.000,18.700,18.550
-0.470,14.670,14.790,-0.070,130601.000,14.855,14.490
-0.180,183.790,185.000,-0.340,14968.000,185.890,183.434
0.590,13.690,13.710,0.080,2801741.000,13.740,13.430
1.240,58.800,58.570,0.720,884700.000,59.230,57.750
0.960,45.000,44.930,0.430,12776587.000,45.210,44.380
0.500,54.090,54.210,0.270,6441855.000,54.210,53.600
-0.540,16.500,16.640,-0.090,3182815.000,16.700,16.050
0.060,18.020,18.070,0.010,133236.000,18.420,17.870
-0.310,16.230,16.370,-0.050,38979.000,16.370,16.050
-0.460,21.810,22.000,-0.100,3184675.000,22.100,21.590
1.980,3.600,3.550,0.070,422944.000,3.610,3.460
2.550,7.650,7.460,0.190,2301766.000,7.700,7.360
8.310,16.420,15.720,1.260,12498966.000,16.510,15.720
0.930,74.030,73.990,0.680,1745414.000,74.110,72.320
1.480,53.460,52.820,0.780,1817692.000,53.470,52.120
-0.920,92.200,92.970,-0.860,3206740.000,93.279,91.260
-0.450,24.260,24.620,-0.110,702358.000,24.920,24.050
4.250,13.010,12.600,0.530,1618575.000,13.150,12.600
1.410,37.420,37.090,0.520,46582.000,37.510,36.990
4.570,10.060,9.680,0.440,2146498.000,10.080,9.595
9.740,1.690,1.550,0.150,1278599.000,1.690,1.490
1.180,124.640,123.060,1.450,1133182.000,125.060,122.350
-0.020,50.340,50.370,-0.010,2229258.000,50.400,50.325
0.980,9.230,9.150,0.090,38981.000,9.290,9.150
-0.200,297.280,298.660,-0.600,292053.000,298.660,294.080
2.180,12.170,12.970,0.260,83084.000,12.970,11.790
3.450,36.550,35.400,1.220,188821.000,36.760,35.320
1.510,64.410,63.490,0.960,420331.000,64.440,63.400
1.810,91.240,90.260,1.620,238601.000,91.250,89.530
1.060,10.440,10.390,0.110,1939927.000,10.450,10.200
-0.710,4.210,4.210,-0.030,255845.000,4.320,4.170
-1.100,27.770,28.180,-0.310,401472.000,28.210,27.630
0.060,54.460,54.500,0.030,25853.000,54.830,54.120
4.540,55.000,53.730,2.390,4540430.000,55.550,53.630
0.020,62.630,62.610,0.010,89427.000,62.820,62.440
-0.170,58.340,58.710,-0.100,2102595.000,58.940,57.440
0.330,30.820,30.920,0.100,9349968.000,30.970,30.440
3.520,6.170,5.970,0.210,101363.000,6.170,5.940
2.350,22.620,22.300,0.520,871231.000,22.650,21.960
3.520,17.050,16.520,0.580,319864.000,17.120,16.520
-0.630,22.190,22.500,-0.140,4264025.000,22.510,21.910
-0.320,28.260,28.510,-0.090,80788.000,28.510,28.050
-0.130,7.950,8.060,-0.010,196294.000,8.140,7.900
-0.160,44.620,44.790,-0.070,162117.000,44.980,44.240
0.490,40.950,41.340,0.200,2432515.000,41.350,40.290
1.010,22.960,22.760,0.230,734155.000,23.000,22.550
0.780,16.810,16.880,0.130,5881950.000,17.030,16.590
0.220,73.130,73.040,0.160,295007.000,73.130,72.460
1.050,17.290,17.120,0.180,30384.000,17.370,17.060
2.280,53.400,52.620,1.190,73399.000,53.620,51.500
0.940,20.390,20.280,0.190,165398.000,20.480,20.040
0.460,43.370,43.340,0.200,153006.000,43.660,42.910
0.600,38.410,38.360,0.230,717718.000,38.450,38.060
2.680,3.830,3.740,0.100,350854.000,3.920,3.720
0.950,83.020,82.420,0.780,21246243.000,83.090,82.260
0.360,22.010,21.970,0.080,328085.000,22.310,21.750
1.390,24.840,24.530,0.340,1026339.000,24.860,24.310
-0.150,40.650,40.810,-0.060,95786.000,41.080,40.130
1.340,38.620,38.210,0.510,19375.000,38.870,38.210
3.890,19.520,18.930,0.730,378106.000,19.520,18.299
2.340,13.980,14.030,0.320,3725075.000,14.260,13.790
0.020,52.150,52.200,0.010,5017132.000,52.360,51.780
0.220,4.490,4.490,0.010,120252.000,4.500,4.422
1.190,3.400,3.350,0.040,78801.000,3.460,3.322
0.720,57.020,57.020,0.410,487670.000,57.049,56.130
0.800,25.260,24.810,0.200,553142.000,25.460,24.770
0.790,20.500,20.370,0.160,300477.000,20.640,20.220
0.780,29.850,29.920,0.230,3500111.000,30.090,29.460
0.370,24.510,24.450,0.090,218686.000,24.580,24.240
0.030,100.740,101.060,0.030,2364854.000,101.250,99.070
0.990,53.300,53.280,0.520,42220.000,53.300,51.840
-1.580,6.240,6.390,-0.100,341843.000,6.460,6.180
-0.550,36.150,36.530,-0.200,2619103.000,36.800,35.820
-0.620,76.900,77.380,-0.480,136042.000,77.780,76.410
1.170,26.780,26.470,0.310,48501445.000,26.930,26.470
1.030,32.340,32.200,0.330,2789401.000,32.410,31.730
2.390,55.790,54.830,1.300,577684.000,55.840,54.330
-0.270,36.970,37.380,-0.100,1014418.000,37.520,36.750
0.430,84.200,84.170,0.360,166260.000,84.320,82.550
1.460,22.200,21.950,0.320,26811.000,22.280,21.710
0.520,95.470,95.200,0.490,3626540.000,95.630,94.720
0.000,7.090,7.160,0.000,7089020.000,7.170,6.980
-5.820,0.970,1.050,-0.060,417261.000,1.050,0.910
-0.380,73.080,73.650,-0.280,4211134.000,73.650,72.330
-1.740,1.690,1.700,-0.030,589311.000,1.750,1.630
-0.460,8.710,8.920,-0.040,237189.000,8.920,8.610
1.040,6.810,6.750,0.070,161483.000,6.960,6.680
2.270,31.020,30.440,0.690,518365.000,31.130,30.250
-0.540,93.410,94.470,-0.510,553752.000,94.590,92.670
-0.420,19.120,19.220,-0.080,139798.000,19.290,19.050
1.110,23.670,23.420,0.260,1243574.000,23.690,23.270
0.730,13.870,13.770,0.100,262481.000,13.910,13.770
3.130,40.150,39.310,1.220,52797.000,40.220,38.630
-1.410,9.780,9.970,-0.140,166230.000,10.000,9.640
1.960,13.550,13.490,0.260,11912.000,13.580,13.140
-2.010,12.690,13.020,-0.260,145099.000,13.030,12.360
-1.640,38.380,40.140,-0.640,69472855.000,40.390,38.120
0.350,100.030,100.330,0.350,497473.000,100.500,97.700
-0.350,8.490,8.520,-0.030,70346.000,8.570,8.470
0.030,32.500,32.490,0.010,253664.000,32.600,32.260
4.450,7.040,6.780,0.300,551464.000,7.090,6.740
4.320,44.430,42.900,1.840,1150236.000,44.480,42.800
0.220,46.280,46.410,0.100,2715479.000,46.580,45.820
1.690,1.200,1.170,0.020,636931.000,1.220,1.160
0.690,46.980,46.770,0.320,136049.000,47.379,45.741
-0.880,49.450,49.990,-0.440,1493635.000,50.050,48.900
-1.280,41.020,41.620,-0.530,163248.000,41.670,40.790
-1.770,1.110,1.180,-0.020,66477.000,1.180,1.110
-2.380,9.440,9.690,-0.230,210057.000,9.690,9.370
-0.900,36.260,36.660,-0.330,147614.000,36.738,36.050
0.270,11.010,10.980,0.030,25337.000,11.010,10.910
-1.900,15.520,15.910,-0.300,3165021.000,15.910,15.450
1.330,15.640,15.360,0.205,76027440.000,15.800,14.890
2.930,7.740,7.620,0.220,1132297.000,7.740,7.500
2.760,16.760,16.440,0.450,210167.000,16.900,16.380
0.610,307.550,306.570,1.870,1000828.000,309.300,305.430
-0.540,5.530,5.590,-0.030,802200.000,5.630,5.510
0.370,49.280,49.310,0.180,2522133.000,49.560,48.850
-3.280,7.370,7.600,-0.250,229149.000,7.620,7.221
-0.410,2.410,2.420,-0.010,281510.000,2.440,2.370
0.110,27.400,27.460,0.030,417281.000,27.460,27.040
-1.170,72.820,73.690,-0.860,998110.000,74.170,72.430
-0.310,19.130,19.330,-0.060,112724.000,19.330,18.390
-0.100,31.290,31.500,-0.030,173899.000,31.530,31.010
0.890,65.810,65.240,0.580,244097.000,65.820,64.940
0.660,24.290,24.110,0.160,7239.000,24.300,23.760
-0.820,30.330,30.700,-0.250,28356067.000,30.700,30.200
-2.130,24.300,24.950,-0.530,1502797.000,25.079,24.060
0.380,23.600,23.630,0.090,10578874.000,23.770,23.420
1.230,57.580,57.250,0.700,754799.000,57.729,56.940
0.140,0.731,0.730,0.001,181334.000,0.759,0.728
-0.780,39.270,39.720,-0.310,18229997.000,39.820,38.980
1.100,16.490,16.330,0.180,3942169.000,16.500,16.320
0.750,175.540,175.080,1.310,5222833.000,175.940,174.070
-0.480,14.640,14.770,-0.070,26742.000,14.860,14.540
0.190,36.480,36.480,0.070,305641.000,36.720,36.000
-0.110,8.990,9.010,-0.010,1187014.000,9.060,8.910
0.530,45.860,45.610,0.240,192598.000,45.990,45.350
-0.050,38.640,38.770,-0.020,156338.000,38.800,38.500
0.060,78.290,78.490,0.050,866646.000,78.710,77.800
0.050,18.270,18.290,0.010,214972.000,18.550,18.080
0.340,32.360,32.430,0.110,135538.000,32.430,32.100
0.680,64.800,64.380,0.440,130527.000,64.980,63.750
0.700,41.810,41.750,0.290,133207.000,41.830,41.310
-0.210,67.530,67.850,-0.140,8685112.000,67.870,67.280
6.360,46.510,44.000,2.780,33833.000,47.000,43.430
0.800,16.290,16.210,0.130,291606.000,16.350,16.130
2.410,53.080,52.340,1.250,12596707.000,53.200,52.260
-3.420,18.060,18.800,-0.640,182975.000,18.910,17.930
0.000,3.790,3.790,0.000,98250.000,3.870,3.720
1.250,10.500,10.410,0.130,189152.000,10.550,10.330
0.850,20.160,20.070,0.170,378938.000,20.220,19.880
0.200,24.740,24.820,0.050,11942798.000,24.820,24.450
-0.060,15.670,15.690,-0.010,133940.000,15.840,15.570
0.340,68.150,68.240,0.230,560691.000,68.250,67.420
-0.800,17.360,17.520,-0.140,80581.000,17.880,17.250
-1.240,22.340,22.820,-0.280,598336.000,23.090,22.260
-0.250,40.270,40.540,-0.100,1636160.000,40.540,39.350
1.130,43.940,43.690,0.490,434840.000,44.010,43.290
0.200,19.780,19.860,0.040,106594.000,20.000,19.520
0.500,81.880,82.710,0.410,1429251.000,82.900,80.950
0.340,26.440,26.410,0.090,210175.000,26.520,26.000
1.010,17.070,16.970,0.170,143784.000,17.090,16.870
1.870,1.090,1.100,0.020,2175721.000,1.150,1.060
2.890,45.550,44.740,1.280,4906675.000,45.700,44.390
-0.210,47.570,47.770,-0.100,1082596.000,47.790,47.270
-1.220,23.570,23.910,-0.290,6342485.000,23.950,23.470
0.000,4.410,4.420,0.000,1083423.000,4.430,4.350
0.180,16.780,16.760,0.030,180685.000,16.800,16.550
0.510,41.300,41.120,0.210,158535.000,41.370,41.070
-0.860,21.840,22.080,-0.190,273541.000,22.410,21.740
-0.580,79.865,80.360,-0.465,2151642.000,80.570,79.400
-2.910,33.990,35.180,-1.020,340222.000,35.230,33.630
-0.380,10.350,10.410,-0.040,21429.000,10.500,9.970
0.880,24.160,23.880,0.210,35092.000,24.280,23.790
-0.510,1.960,1.970,-0.010,368716.000,2.000,1.960
0.920,27.520,27.550,0.250,11331713.000,27.770,27.210
1.480,8.930,8.860,0.130,207390.000,8.960,8.800
-1.540,2.550,2.580,-0.040,5624670.000,2.610,2.530
1.920,19.650,19.430,0.370,73496.000,19.910,19.260
-1.650,1.790,1.860,-0.030,23900.000,1.860,1.790
-0.320,6.310,6.350,-0.020,64985.000,6.480,6.300
2.710,12.510,13.000,0.330,719918.000,13.070,11.840
0.320,81.690,81.810,0.260,4535234.000,82.110,80.510
1.120,90.910,90.170,1.010,368318.000,90.930,89.770
1.110,25.490,25.320,0.280,920863.000,25.520,25.050
-1.100,8.100,8.160,-0.090,1758170.000,8.250,8.090
1.040,93.080,93.370,0.960,784167.000,93.390,90.420
1.820,19.050,18.740,0.340,193635.000,19.100,18.620
3.580,39.630,38.620,1.370,661917.000,39.720,38.610
0.550,12.710,12.700,0.070,39877.000,13.090,12.520
-0.550,72.700,73.230,-0.400,24320.000,73.230,72.220
1.080,45.030,44.880,0.480,163186.000,45.050,44.580
0.960,24.180,24.150,0.230,332500.000,24.580,23.750
-0.440,61.720,62.270,-0.270,205632.000,62.270,61.080
0.660,39.490,39.350,0.260,2583332.000,39.530,39.000
1.170,44.010,43.920,0.510,169422.000,44.090,43.060
1.540,19.140,18.990,0.290,1338427.000,19.190,18.730
-0.460,17.150,17.280,-0.080,3019410.000,17.370,17.020
-0.220,22.930,23.000,-0.050,270033.000,23.080,22.800
0.080,26.340,26.440,0.020,5930.000,26.670,26.340
-0.910,9.750,9.840,-0.090,306844.000,9.840,9.690
1.520,36.080,35.930,0.540,793145.000,36.210,35.500
6.220,27.480,26.080,1.610,241070.000,27.490,25.450
2.100,20.870,20.450,0.430,1161172.000,20.870,20.370
-1.820,13.450,13.840,-0.250,283347.000,13.840,13.295
1.060,18.080,17.930,0.190,54910.000,18.170,17.790
0.690,26.180,26.130,0.180,16292.000,26.400,26.000
0.520,54.030,53.750,0.280,122283.000,54.040,53.610
-0.850,38.460,38.900,-0.330,3055506.000,38.940,38.260
-0.310,38.420,38.610,-0.120,5288546.000,38.820,38.280
0.780,41.560,41.300,0.320,1113025.000,41.560,40.820
-0.950,47.970,48.300,-0.460,4092225.000,48.670,47.710
-0.920,39.980,40.610,-0.370,46108288.000,40.750,39.500
-1.250,34.660,35.150,-0.440,766932.000,35.490,34.600
0.000,35.370,35.390,0.000,11890307.000,35.460,35.160
4.530,4.150,4.020,0.180,412253.000,4.170,3.910
-0.600,1.670,1.610,-0.010,157862.000,1.690,1.600
-1.450,35.270,35.880,-0.520,799719.000,36.100,35.040
0.560,7.150,7.120,0.040,124841.000,7.270,7.030
0.140,14.100,14.160,0.020,20638684.000,14.250,13.810
1.980,90.060,88.560,1.750,1265667.000,90.090,87.310
-0.110,8.810,8.860,-0.010,42210.000,8.900,8.799
-1.210,24.130,24.390,-0.295,25171346.000,24.390,23.935
2.390,3.430,3.350,0.080,63853.000,3.450,3.330
0.930,17.330,17.220,0.160,1490968.000,17.330,17.080
0.900,25.770,25.650,0.230,877806.000,25.790,25.430
-0.640,96.350,98.050,-0.620,28226.000,99.150,95.160
0.170,6.050,6.050,0.010,907003.000,6.140,5.980
0.500,22.000,22.020,0.110,288641.000,22.370,21.620
1.400,19.580,19.440,0.270,1177795.000,19.580,19.300
0.240,4.100,4.100,0.010,200572.000,4.140,4.050
-1.050,4.730,4.750,-0.050,159733.000,4.784,4.660
1.650,7.410,7.370,0.120,23565728.000,7.450,7.260
0.130,15.480,15.520,0.020,19759863.000,15.595,15.370
0.870,16.150,16.010,0.140,61761.000,16.210,15.840
0.380,81.100,81.490,0.310,1192004.000,81.630,80.320
0.330,36.370,36.400,0.120,279482.000,36.570,36.180
1.390,40.220,39.520,0.550,18411.000,40.460,39.500
0.170,30.260,30.330,0.050,3568970.000,30.690,29.920
2.690,10.310,10.050,0.270,21378.000,10.330,10.050
1.340,396.180,392.490,5.230,4217.000,396.480,391.820
-0.380,13.250,13.370,-0.050,1252697.000,13.370,13.130
-0.740,69.690,70.630,-0.520,303112.000,70.630,69.560
-1.410,7.710,7.860,-0.110,11274123.000,7.860,7.700
1.300,19.500,19.280,0.250,43247.000,19.780,19.260
-1.360,19.550,19.860,-0.270,555037.000,19.860,19.430
0.050,61.780,62.020,0.030,217418.000,62.020,61.380
-1.020,31.190,31.760,-0.320,562786.000,31.840,31.030
0.810,6.190,6.200,0.050,175162.000,6.300,6.140
1.120,41.620,41.500,0.460,5063137.000,41.760,40.840
0.310,55.260,55.240,0.170,2740442.000,55.270,54.590
0.700,69.270,68.880,0.480,931238.000,69.280,68.490
1.170,104.950,104.590,1.210,91377.000,105.210,103.670
1.020,29.600,29.330,0.300,137320.000,30.230,29.330
2.210,10.630,10.430,0.230,1230252.000,10.660,10.360
0.980,49.620,49.430,0.480,2181148.000,49.730,49.010
0.460,28.440,28.290,0.130,939552.000,28.530,28.260
-0.110,50.490,50.720,-0.055,360409.000,50.850,50.030
1.930,32.810,32.520,0.620,15864020.000,33.030,32.330
1.180,212.870,213.080,2.490,4026186.000,214.530,209.290
0.220,50.190,49.960,0.110,1371172.000,50.290,49.780
0.560,30.480,30.470,0.170,2558339.000,30.590,30.080
-1.470,19.480,19.860,-0.290,23695.000,20.430,19.370
-0.600,10.010,10.120,-0.060,166524766.000,10.180,9.880
-0.120,43.370,43.420,-0.050,109471.000,43.750,43.130
1.450,39.210,38.820,0.560,206991.000,39.430,38.290
1.250,11.340,11.230,0.140,98949.000,11.420,11.220
0.110,286.930,287.960,0.310,4049735.000,289.750,281.620
2.010,55.340,54.760,1.090,13686143.000,55.400,54.570
-0.440,33.810,34.060,-0.150,131060.000,34.130,33.610
1.530,62.190,63.000,0.940,690081.000,63.090,61.540
-0.130,7.950,8.020,-0.010,616783.000,8.110,7.890
-0.650,24.410,24.630,-0.160,286241.000,24.690,24.190
4.190,20.130,19.680,0.810,13044722.000,20.200,19.680
0.170,35.060,35.000,0.060,62247.000,35.300,34.910
1.460,19.450,19.190,0.280,360151.000,19.450,19.090
-2.910,10.670,11.000,-0.320,874913.000,11.020,10.640
3.090,8.670,8.570,0.260,1930142.000,8.700,8.440
0.000,15.560,15.590,0.000,441908.000,15.897,15.467
0.000,6.150,6.270,0.000,3035106.000,6.370,6.000
-1.680,34.520,35.240,-0.590,2412457.000,35.250,34.180
4.580,70.050,67.600,3.070,1690526.000,70.110,67.420
3.590,15.870,15.410,0.550,1177599.000,15.870,15.410
-0.680,32.230,32.380,-0.220,878761.000,32.420,32.080
0.890,9.030,8.960,0.080,379444.000,9.060,8.940
1.800,12.470,12.360,0.220,431146.000,12.490,12.170
-0.200,5.080,5.080,-0.010,1294694.000,5.110,4.930
1.730,42.230,41.690,0.720,617117.000,42.230,41.271
-0.440,31.490,31.830,-0.140,1361894.000,31.870,31.190
0.060,15.930,15.910,0.010,92436.000,16.000,15.850
-0.760,16.990,17.190,-0.130,201364.000,17.310,16.858
0.290,41.020,40.910,0.120,263646.000,41.070,40.850
1.340,65.150,64.610,0.860,1600531.000,65.390,63.910
3.680,17.480,16.880,0.620,563289.000,17.710,16.850
-0.040,25.770,25.780,-0.010,5237707.000,25.900,25.660
-1.290,10.730,10.890,-0.140,688754.000,10.970,10.540
0.000,1.370,1.390,0.000,856901.000,1.400,1.360
0.500,72.650,72.400,0.360,183478.000,72.650,71.740
1.010,16.990,16.900,0.170,2544136.000,17.050,16.830
1.840,51.990,51.240,0.940,302542.000,52.240,50.690
-0.950,11.520,11.670,-0.110,107294.000,11.760,11.442
0.830,139.980,139.300,1.150,279223.000,140.260,138.430
0.080,90.110,90.050,0.070,54903.000,90.550,89.700
-1.420,70.360,71.480,-1.010,2573271.000,71.480,69.700
-1.060,44.750,45.490,-0.480,3359301.000,45.760,44.620
0.170,23.970,24.000,0.040,2194262.000,24.040,23.570
0.890,20.310,20.150,0.180,204829.000,20.450,20.100
1.040,42.750,42.560,0.440,1019635.000,42.800,42.000
2.240,18.680,18.450,0.410,2647170.000,18.740,18.200
1.470,12.450,12.260,0.180,19965157.000,12.490,12.180
2.150,23.290,23.000,0.490,5047417.000,23.350,22.690
0.480,23.000,22.950,0.110,33336.000,23.196,22.826
-0.080,26.190,26.260,-0.020,688188.000,26.330,26.040
0.000,11.070,11.100,0.000,583941.000,11.140,10.861
0.720,16.760,16.640,0.120,776503.000,16.770,16.580
1.750,38.280,37.670,0.660,96931.000,38.370,37.540
0.050,36.700,36.850,0.020,139670.000,36.850,36.160
-0.790,33.760,34.210,-0.270,495659.000,34.260,33.500
-0.050,18.250,18.330,-0.010,388999.000,18.380,18.220
-0.200,29.290,29.430,-0.060,5125758.000,29.570,29.020
0.430,4.680,4.660,0.020,62979.000,4.710,4.660
0.730,20.780,20.660,0.150,167964.000,20.790,20.600
1.730,30.580,30.280,0.520,81586.000,30.725,30.260
-1.700,27.130,27.640,-0.470,40174.000,27.680,26.800
-0.400,27.560,27.830,-0.110,224587.000,27.840,27.280
0.770,66.790,67.150,0.510,575641.000,67.150,66.100
-2.930,1.990,2.070,-0.060,1152259.000,2.130,1.970
0.670,18.060,17.940,0.120,230664.000,18.100,17.940
-1.440,30.070,30.590,-0.440,2892218.000,30.600,29.920
-0.690,33.120,33.420,-0.230,127969.000,33.630,32.880
-1.080,80.230,81.310,-0.880,209961.000,81.330,79.800
-2.260,20.370,20.890,-0.470,516919.000,21.000,20.210
-0.360,35.630,36.020,-0.130,7494106.000,36.210,35.270
1.250,15.380,15.240,0.190,2265440.000,15.380,15.020
0.770,37.950,37.730,0.290,148668.000,38.010,37.470
0.030,66.610,66.960,0.020,1952.000,66.960,65.301
1.100,21.070,20.910,0.230,470799.000,21.257,20.850
0.840,18.010,17.870,0.150,250535.000,18.240,17.870
5.380,69.100,66.680,3.530,1185785.000,69.100,66.530
0.190,53.500,53.380,0.100,38912.000,53.820,53.270
0.290,73.220,73.320,0.210,658898.000,73.380,72.580
0.240,25.380,25.380,0.060,1163551.000,25.460,25.075
1.490,45.670,45.030,0.670,102564.000,45.700,45.000
1.140,108.630,107.650,1.220,140667.000,108.720,106.830
1.340,5.290,5.220,0.070,188771.000,5.310,5.220
-0.700,11.290,11.390,-0.080,48861.000,11.420,11.260
5.530,6.680,6.570,0.350,557145.000,6.990,6.450
1.860,21.350,21.000,0.390,54131.000,21.490,21.000
-3.540,5.450,5.620,-0.200,40251.000,5.750,5.450
-0.160,18.430,18.460,-0.030,2988384.000,18.520,18.260
-5.410,0.700,0.770,-0.040,1053892.000,0.770,0.685
2.420,162.620,160.320,3.840,1824259.000,162.700,158.150
0.380,61.390,61.600,0.230,1301829.000,62.200,61.020
-0.410,9.600,9.700,-0.040,1397383.000,9.750,9.500
3.460,12.870,12.550,0.430,352510.000,13.000,12.550
0.250,12.260,12.290,0.030,117685.000,12.360,12.170
0.600,67.230,66.990,0.400,50698.000,67.900,66.710
0.380,42.520,42.580,0.160,870601.000,42.620,42.110
-2.000,90.120,92.250,-1.840,140181.000,93.200,89.370
1.140,22.190,22.030,0.250,43965.000,22.400,21.720
0.530,20.930,20.940,0.110,467927.000,21.010,20.620
0.850,7.110,7.060,0.060,228525.000,7.110,7.000
0.930,20.570,20.460,0.190,695718.000,20.600,20.370
1.280,70.510,70.100,0.890,1059993.000,71.540,70.100
3.420,17.240,16.730,0.570,560604.000,17.290,16.730
1.170,37.190,36.900,0.430,678100.000,37.210,36.830
1.710,39.800,39.150,0.670,6608587.000,39.800,39.080
1.920,105.340,103.830,1.980,4749806.000,105.550,103.490
4.950,19.510,18.830,0.920,4350354.000,19.550,18.830
0.000,1.280,1.280,0.000,7188324.000,1.290,1.260
-1.380,5.730,5.820,-0.080,25335.000,5.820,5.700
1.370,82.170,81.500,1.110,533352.000,82.210,80.870
-1.020,35.940,36.330,-0.370,13601850.000,36.435,35.680
4.340,146.930,145.150,6.110,8301821.000,147.240,143.671
0.040,28.170,28.300,0.010,4637781.000,28.350,28.000
-1.000,61.370,62.910,-0.620,916902.000,62.910,61.270
0.000,29.540,29.770,0.000,149370.000,29.960,29.380
0.350,0.230,0.225,0.001,171620.000,0.240,0.221
0.990,57.000,56.540,0.560,91271.000,57.150,56.540
0.690,20.560,20.420,0.140,37472.000,20.580,20.290
-0.480,78.170,78.690,-0.380,252920.000,79.120,77.530
0.150,6.690,6.720,0.010,5247679.000,6.720,6.590
0.970,35.320,35.050,0.340,143195.000,35.500,35.010
-0.070,73.250,73.500,-0.050,44071.000,74.100,73.070
-0.830,13.100,13.260,-0.110,76559.000,13.380,13.050
2.780,76.470,74.920,2.070,2027685.000,76.640,74.270
0.710,32.760,32.720,0.230,193139.000,33.030,32.570
-1.200,23.010,23.510,-0.280,1883954.000,23.510,22.800
1.850,8.790,8.680,0.160,130216.000,9.010,8.630
1.000,38.260,37.940,0.380,540356.000,38.450,37.790
-0.800,19.750,19.820,-0.160,47482773.000,19.940,19.660
1.180,40.410,40.090,0.470,110193.000,40.620,39.820
-0.070,44.100,44.140,-0.030,1774913.000,44.180,44.010
1.280,37.130,36.960,0.470,661738.000,37.170,36.520
0.990,7.130,7.080,0.070,318280.000,7.190,6.860
1.680,12.120,12.050,0.200,6462152.000,12.160,11.900
-0.400,14.850,14.940,-0.060,587988.000,14.950,14.730
3.750,11.630,11.290,0.420,1042561.000,11.650,11.260
0.650,21.590,21.510,0.140,202370.000,21.670,21.210
-0.130,77.670,77.880,-0.100,1118819.000,78.010,76.920
-0.350,25.970,26.170,-0.090,234966.000,26.180,25.850
1.680,16.970,16.700,0.280,18970758.000,16.990,16.660
-0.200,24.700,24.850,-0.050,185720.000,24.930,24.610
0.110,78.490,78.680,0.090,166088.000,79.350,77.860
-0.180,43.360,43.640,-0.080,4378684.000,43.740,43.180
0.830,15.710,15.630,0.130,96741.000,15.850,15.570
-0.320,3.090,3.100,-0.010,473924.000,3.250,3.090
-3.350,4.900,5.080,-0.170,267837.000,5.140,4.870
0.280,39.260,39.260,0.110,978278.000,39.470,38.990
0.430,23.500,23.470,0.100,88175.000,23.590,23.270
-1.000,28.840,29.130,-0.290,544564.000,30.220,28.550
0.660,64.520,64.280,0.420,957931.000,64.530,63.700
1.420,32.200,31.980,0.450,558920.000,32.450,31.670
1.930,24.760,24.340,0.470,44737.000,24.800,23.810
0.000,26.550,26.600,0.000,1009916.000,26.620,26.360
2.090,11.250,11.040,0.230,41538.000,11.300,11.040
-0.220,9.180,9.180,-0.020,1651442.000,9.190,9.160
1.480,16.440,16.210,0.240,1869187.000,16.480,16.210
0.000,24.640,24.810,0.000,5678389.000,24.830,24.370
-0.880,31.570,31.940,-0.280,4049019.000,32.090,31.435
0.350,5.690,5.750,0.020,10003.000,6.040,5.490
2.080,50.660,49.900,1.030,5369406.000,50.780,49.840
0.770,47.130,46.890,0.360,175175.000,47.190,46.760
1.270,27.950,27.690,0.350,61871.000,28.120,27.630
1.000,46.550,46.190,0.460,264740.000,46.580,45.760
-1.130,55.050,55.370,-0.630,9133950.000,55.420,54.745
0.190,20.830,20.850,0.040,769229.000,20.900,20.640
0.000,1.150,1.160,0.000,296688.000,1.170,1.130
-0.160,25.030,25.140,-0.040,19889.000,25.270,24.400
0.350,31.410,31.370,0.110,2737401.000,31.600,31.030
0.000,33.690,33.670,0.000,289495.000,33.690,33.370
-0.210,9.630,9.660,-0.020,581143.000,9.700,9.360
-0.280,130.240,131.000,-0.360,305642.000,131.350,129.110
4.560,14.680,14.140,0.640,757455.000,14.860,13.900
0.940,87.420,86.950,0.810,434884.000,87.480,86.370
-0.110,35.090,35.280,-0.040,15084110.000,35.390,34.970
0.710,46.550,46.340,0.330,779499.000,46.560,45.990
1.020,5.950,5.900,0.060,341556.000,5.980,5.855
0.800,358.790,357.240,2.830,246869.000,360.944,356.200
1.480,74.060,73.560,1.080,2251369.000,74.160,73.110
0.300,16.500,16.500,0.050,163840.000,16.580,16.340
0.100,31.030,31.030,0.030,999877.000,31.070,30.630
0.080,48.450,48.620,0.040,1097871.000,48.850,47.680
-0.680,4.350,4.390,-0.030,70880.000,4.520,4.350
0.370,80.580,80.610,0.300,286779.000,80.710,80.110
0.740,43.680,43.450,0.320,674018.000,43.800,42.980
0.700,4.290,4.270,0.030,219478.000,4.320,4.250
0.730,8.270,8.300,0.060,123060.000,8.480,8.180
1.270,19.150,19.020,0.240,70069.000,19.190,18.920
0.450,33.640,33.730,0.150,705049.000,33.770,33.160
-0.150,33.480,33.640,-0.050,4806460.000,33.700,33.060
-0.320,34.490,34.770,-0.110,294735.000,34.850,34.240
-0.800,49.860,50.460,-0.400,1799219.000,50.460,49.580
0.270,93.690,93.870,0.250,332101.000,93.870,92.810
9.310,68.430,66.230,5.830,5825485.000,69.780,66.230
-1.380,2.860,2.900,-0.040,160787.000,2.910,2.820
0.100,41.840,42.010,0.040,2158243.000,42.120,41.386
1.220,33.230,32.860,0.400,20356.000,33.550,32.860
0.520,27.110,27.030,0.140,147822.000,27.376,26.850
0.860,51.820,51.600,0.440,5782920.000,52.080,51.020
62.490,38.170,38.360,14.680,312045654.000,38.370,38.160
0.700,50.680,50.280,0.350,1768864.000,51.280,50.240
0.330,9.170,9.220,0.030,184235.000,9.490,9.080
1.290,39.960,39.550,0.510,22758.000,40.090,39.250
0.410,14.690,14.750,0.060,19519061.000,14.940,14.610
3.930,59.550,57.640,2.250,768673.000,59.550,57.250
-0.410,12.000,12.110,-0.050,291717.000,12.190,11.950
0.370,94.290,94.290,0.350,933855.000,94.370,93.370
0.400,14.900,14.890,0.060,80591.000,14.940,14.530
0.830,4.850,4.820,0.040,61046.000,4.880,4.750
-1.530,55.510,56.660,-0.860,4633765.000,56.730,55.290
-0.450,19.720,19.820,-0.090,729177.000,19.890,19.550
0.750,46.800,46.740,0.350,339647.000,46.840,45.970
0.530,522.500,522.280,2.780,706375.000,526.850,515.804
0.110,87.100,87.280,0.100,457121.000,87.560,86.610
-0.340,46.240,46.420,-0.160,91101.000,46.924,45.750
1.080,37.580,37.150,0.400,95773.000,37.640,36.660
1.070,13.280,13.290,0.140,2254985.000,13.320,13.052
-0.060,79.990,80.080,-0.050,2669015.000,80.150,79.990
2.150,52.370,51.430,1.100,1734851.000,52.470,51.150
0.120,8.470,8.460,0.010,208365.000,8.480,8.460
0.020,40.910,40.960,0.010,100257.000,41.340,40.600
0.070,54.960,55.050,0.040,17578125.000,55.500,54.640
-1.280,54.050,55.000,-0.700,2461872.000,55.070,53.560
