2.740,11.230,11.030,0.300,112917.000,11.340,10.790
1.330,20.550,20.520,0.270,316745.000,20.610,20.140
0.900,13.400,13.430,0.120,348795.000,13.620,13.390
2.670,64.550,63.470,1.680,151146.000,64.840,63.430
2.620,6.260,6.170,0.160,590586.000,6.290,6.020
1.380,30.860,30.520,0.420,1287461.000,30.980,30.490
1.310,51.770,51.530,0.670,501932.000,52.130,51.250
2.130,23.500,23.290,0.490,2043674.000,23.570,22.690
2.440,34.440,33.960,0.820,1864236.000,34.440,33.848
2.020,21.200,20.990,0.420,3393604.000,21.610,20.930
4.920,50.340,48.420,2.360,7547.000,50.590,47.890
0.730,56.770,56.460,0.410,1297093.000,56.910,56.050
0.890,37.500,37.400,0.330,2757108.000,37.650,37.260
0.220,18.000,17.980,0.040,58485.000,18.040,17.670
1.350,21.050,20.830,0.280,21117.000,21.100,20.670
1.270,18.300,18.160,0.230,73733.000,18.400,18.060
0.200,40.360,40.540,0.080,829053.000,41.000,39.990
2.000,15.780,15.590,0.310,305629.000,15.820,15.450
0.900,3.370,3.350,0.030,912088.000,3.400,3.300
0.350,51.990,52.110,0.180,1471558.000,53.070,51.830
0.090,11.120,11.170,0.010,64145.000,11.170,11.110
2.390,4.290,4.240,0.100,91509.000,4.350,4.240
1.410,70.530,70.110,0.980,7118415.000,70.990,69.310
1.130,16.150,16.010,0.180,37211.000,16.150,15.900
2.040,10.500,10.360,0.210,37960.000,10.540,10.250
2.220,23.500,23.290,0.510,62477.000,23.760,22.590
3.250,17.140,16.820,0.540,313067.000,17.420,16.650
2.080,37.290,36.700,0.760,114331.000,37.420,36.690
2.030,11.550,11.430,0.230,5026387.000,11.650,11.420
1.590,18.580,18.400,0.290,44344291.000,18.640,18.350
2.580,13.130,12.820,0.330,166927.000,13.400,12.790
3.000,5.500,5.420,0.160,273955.000,5.540,5.410
2.490,16.880,16.580,0.410,206565.000,16.940,16.580
2.070,56.300,55.480,1.140,792210.000,56.370,55.420
6.660,10.730,10.210,0.670,621955.000,10.800,10.060
1.590,53.020,52.560,0.830,470231.000,53.020,52.290
-0.780,30.360,30.720,-0.240,249525.000,30.720,30.120
0.290,13.900,14.030,0.040,1162052.000,14.190,13.890
2.370,43.560,43.150,1.010,6922726.000,44.490,42.980
-0.550,66.720,67.100,-0.370,13286185.000,67.220,66.150
5.130,9.420,9.080,0.460,605830.000,9.430,9.080
0.620,4.860,4.870,0.030,170180.000,4.870,4.750
0.330,86.410,86.350,0.280,432268.000,86.760,86.090
0.190,85.410,85.410,0.160,115284.000,85.660,85.280
2.240,68.420,67.800,1.500,196121.000,68.690,67.690
1.920,17.500,17.280,0.330,1219533.000,17.610,17.270
2.270,36.990,36.540,0.820,120296.000,37.130,36.490
2.170,15.550,15.340,0.330,47488.000,15.600,15.250
5.160,31.580,30.440,1.550,7639655.000,31.700,30.400
2.510,68.510,67.160,1.680,6225182.000,68.720,67.060
0.870,52.020,52.000,0.450,2745941.000,52.310,51.340
6.970,8.590,8.110,0.560,102747.000,8.610,8.110
1.400,26.090,25.920,0.360,157589.000,26.090,25.760
4.070,7.410,7.240,0.290,790549.000,7.420,7.050
-0.470,8.390,8.500,-0.040,39482.000,8.500,8.230
2.410,5.100,5.000,0.120,1312336.000,5.110,4.970
1.580,13.480,13.360,0.210,1525556.000,13.520,13.320
3.420,13.020,12.500,0.430,4363977.000,13.030,12.490
0.100,9.580,9.820,0.010,4768951.000,9.940,9.560
0.090,64.610,64.600,0.060,7822687.000,64.790,64.320
1.840,7.200,7.170,0.130,53181.000,7.300,7.160
1.550,22.210,21.920,0.340,2546779.000,22.270,21.870
2.940,82.320,80.560,2.350,2794862.000,82.500,80.510
2.970,9.370,9.210,0.270,534177.000,9.420,9.040
2.050,59.210,58.450,1.190,402677.000,59.210,58.450
2.130,82.830,81.720,1.730,284385.000,82.830,81.690
0.000,2.560,2.570,0.000,58521.000,2.650,2.560
-0.780,1.270,1.280,-0.010,269292.000,1.290,1.240
1.440,33.720,33.500,0.480,1606321.000,33.910,33.370
2.750,93.130,91.410,2.490,464286.000,93.390,91.340
1.630,11.850,11.700,0.190,606709.000,11.920,11.630
0.810,11.190,11.170,0.090,344016.000,11.240,11.110
3.270,63.550,62.240,2.010,650333.000,63.640,62.065
2.300,86.800,85.130,1.950,1007158.000,86.940,84.860
0.710,36.970,36.810,0.260,15175481.000,36.980,36.580
2.040,39.000,38.450,0.780,1667035.000,39.420,38.310
1.430,27.040,26.790,0.380,3669699.000,27.140,26.520
2.550,4.820,4.750,0.120,121388.000,4.830,4.720
2.170,41.695,41.100,0.885,8292518.000,41.950,40.890
3.150,19.460,19.107,0.595,7360101.000,19.550,18.990
3.510,24.800,24.090,0.840,20594.000,24.860,23.980
1.240,44.150,44.190,0.540,1596064.000,44.500,43.580
2.920,5.990,5.920,0.170,458357.000,5.990,5.790
2.690,48.560,47.630,1.270,219144.000,48.610,47.630
1.910,98.520,97.760,1.850,1630961.000,99.300,97.420
2.110,22.270,21.970,0.460,4433573.000,22.540,21.860
0.520,13.470,13.360,0.070,5429895.000,13.490,13.240
2.820,30.970,30.290,0.850,392982.000,31.040,30.270
1.930,38.480,37.760,0.730,33885.000,38.540,37.080
1.560,41.060,40.780,0.630,338456.000,41.370,40.480
0.800,27.870,27.700,0.220,5867001.000,28.060,27.275
1.150,23.740,23.740,0.270,4896092.000,23.900,23.500
4.030,23.980,23.280,0.930,534557.000,24.000,23.240
1.600,31.100,30.930,0.490,375801.000,31.440,30.690
16.360,8.320,7.540,1.170,2514842.000,8.330,7.461
2.530,7.690,7.650,0.190,4457636.000,7.890,7.650
1.620,11.890,11.800,0.190,4912263.000,11.970,11.760
3.140,9.520,9.420,0.290,3734897.000,9.590,9.320
-0.060,17.090,17.350,-0.010,188349.000,17.500,16.680
0.920,108.050,107.760,0.990,10561.000,108.300,105.250
1.760,23.150,22.780,0.400,138331.000,23.220,22.780
-2.410,1.620,1.650,-0.040,129900.000,1.670,1.620
2.760,6.320,6.200,0.170,3225094.000,6.330,6.150
2.320,42.370,41.730,0.960,1433654.000,42.550,41.710
1.670,54.130,53.530,0.890,43969.000,54.260,53.190
0.390,33.240,33.060,0.130,1498267.000,33.500,32.810
3.770,7.700,7.480,0.280,84231.000,7.740,7.432
1.380,43.930,43.510,0.600,711702.000,43.930,43.120
2.520,44.700,43.950,1.100,843029.000,45.180,43.703
5.370,3.140,3.000,0.160,100287.000,3.150,2.990
1.840,17.700,17.540,0.320,545342.000,17.880,17.470
0.470,34.230,34.040,0.160,3050140.000,34.310,33.870
3.760,15.180,14.780,0.550,8637106.000,15.230,14.710
0.720,12.580,12.560,0.090,3565892.000,12.620,12.520
2.900,57.210,55.920,1.610,76179.000,57.310,55.550
1.320,52.910,52.470,0.690,1620181.000,53.180,52.410
4.520,32.130,31.030,1.390,1685873.000,32.430,31.030
1.370,88.820,87.980,1.200,4791229.000,89.560,87.940
3.740,11.100,10.750,0.400,26807.000,11.100,10.680
2.770,40.840,40.110,1.100,352879.000,41.030,40.110
0.990,11.260,11.260,0.110,1612954.000,11.400,11.100
0.130,7.650,7.640,0.010,13123.000,7.770,7.610
1.960,42.060,41.600,0.810,1201401.000,42.290,41.600
1.870,13.100,13.030,0.240,69643.000,13.160,12.880
1.460,15.660,15.550,0.225,57423452.000,15.695,15.420
1.550,52.950,52.440,0.810,175927.000,53.050,52.060
2.250,10.000,9.900,0.220,1699945.000,10.040,9.840
6.110,118.650,113.330,6.830,2478445.000,118.690,113.000
2.480,8.260,8.140,0.200,17366342.000,8.290,7.920
4.460,15.450,15.480,0.660,41673529.000,15.750,15.030
3.700,3.360,3.250,0.120,631240.000,3.480,3.250
12.700,1.420,1.330,0.160,4828741.000,1.440,1.320
2.500,27.500,27.030,0.670,37369.000,27.570,27.020
2.070,20.260,20.080,0.410,1751587.000,20.550,20.060
3.060,55.270,54.150,1.640,377007.000,55.340,54.120
1.180,36.110,35.850,0.420,9431887.000,36.270,35.730
1.990,85.070,83.890,1.660,1099948.000,85.225,83.580
2.540,49.700,48.770,1.230,42071.000,49.810,48.520
-0.040,24.900,25.050,-0.010,437416.000,25.260,24.530
-1.290,49.820,49.380,-0.650,1512326.000,50.060,49.070
3.830,53.700,52.330,1.980,2234705.000,53.940,52.330
2.730,18.080,17.530,0.480,15753.000,18.170,17.530
1.410,17.250,17.130,0.240,68103.000,17.280,17.090
1.640,1.240,1.230,0.020,456366.000,1.250,1.170
0.950,86.210,85.700,0.810,4595885.000,86.260,85.560
2.500,11.880,11.670,0.290,1167385.000,11.890,11.560
2.870,55.210,54.040,1.540,432974.000,55.340,53.820
1.220,53.970,53.400,0.650,8192416.000,54.030,53.340
1.020,32.620,32.680,0.330,57218.000,32.810,32.110
0.790,10.200,10.190,0.080,75138.000,10.290,10.130
0.560,27.020,27.060,0.150,3620425.000,27.230,26.770
0.950,18.070,17.840,0.170,1374565.000,18.090,17.800
2.790,23.550,23.070,0.640,1892789.000,23.620,23.060
3.710,7.540,7.360,0.270,67889.000,7.610,7.250
0.440,9.150,9.200,0.040,173872.000,9.340,9.120
-1.050,4.690,4.790,-0.050,1229631.000,4.860,4.610
1.650,28.280,28.000,0.460,178433.000,28.320,27.890
0.170,28.830,28.850,0.050,1783502.000,29.000,28.710
3.170,65.380,63.880,2.010,524451.000,65.390,63.770
-8.330,2.310,2.630,-0.210,29897801.000,2.680,2.250
2.100,48.140,48.610,0.990,1616308.000,48.790,47.560
0.600,55.000,54.750,0.330,157290.000,55.220,54.390
1.520,12.060,12.000,0.180,528129.000,12.180,11.900
2.280,19.270,18.970,0.430,5736110.000,19.330,18.960
2.670,56.580,55.430,1.470,2644412.000,56.770,55.320
0.490,46.830,46.990,0.230,1358023.000,47.470,46.415
0.990,38.620,38.490,0.380,1449187.000,38.750,38.340
1.790,37.540,37.130,0.660,819863.000,37.760,36.930
-1.790,1.100,1.110,-0.020,647177.000,1.140,1.080
-0.980,67.940,68.930,-0.670,3178404.000,69.960,67.610
2.480,78.560,76.820,1.900,945138.000,78.610,76.800
0.260,51.850,51.990,0.135,5501290.000,52.200,51.520
0.090,10.780,10.840,0.010,366250.000,10.920,10.700
3.480,10.100,9.910,0.340,468343.000,10.110,9.910
1.630,20.540,20.350,0.330,118901.000,20.710,20.350
1.620,42.720,42.460,0.680,279411.000,42.880,42.161
3.650,32.640,31.910,1.150,26259497.000,32.670,31.890
2.970,75.890,74.800,2.190,333845.000,76.440,73.540
0.730,22.070,22.180,0.160,106618.000,22.270,21.850
3.000,50.180,49.090,1.460,144898.000,50.320,49.090
1.180,107.480,106.490,1.250,6627102.000,107.800,106.490
3.590,23.110,22.490,0.800,36480.000,23.220,22.470
0.500,30.300,30.510,0.150,21280.000,30.640,30.150
2.730,9.040,8.870,0.240,106284.000,9.090,8.750
2.630,30.400,29.930,0.780,54744.000,30.490,29.860
2.270,81.720,80.810,1.810,192089.000,82.140,80.480
2.460,9.180,9.040,0.220,252630.000,9.180,8.990
4.370,3.580,3.470,0.150,931042.000,3.600,3.470
2.470,106.400,104.630,2.560,523892.000,107.829,104.630
2.800,11.030,10.840,0.300,33385.000,11.160,10.690
3.000,60.380,59.420,1.760,1598084.000,60.390,59.200
1.820,24.570,24.370,0.440,197377.000,24.570,24.130
1.780,23.460,23.390,0.410,1571602.000,23.560,23.170
0.740,31.410,31.240,0.230,555913.000,31.460,31.170
-0.710,22.400,22.520,-0.160,1669409.000,22.650,22.315
2.610,7.080,6.970,0.180,191900.000,7.120,6.970
2.510,25.310,25.010,0.620,3439008.000,25.440,24.610
0.880,57.020,56.830,0.500,3253373.000,57.240,56.700
2.080,53.610,52.880,1.090,1482628.000,53.650,52.750
2.290,33.510,32.960,0.750,491830.000,33.570,32.640
0.820,376.850,378.000,3.050,24512247.000,378.650,373.320
2.050,10.450,10.310,0.210,17206.000,10.450,10.260
1.310,44.820,44.350,0.580,1020153.000,44.830,44.180
2.510,15.510,15.250,0.380,10255634.000,15.535,15.200
6.490,6.070,5.850,0.370,976576.000,6.090,5.770
3.370,12.560,12.270,0.410,554928.000,12.590,12.221
0.460,61.490,61.410,0.280,2070477.000,61.670,61.050
3.330,107.210,104.140,3.460,1508837.000,107.330,104.120
1.580,79.300,78.640,1.230,573396.000,79.450,78.540
1.710,109.640,108.890,1.840,6392290.000,109.970,108.200
3.630,14.270,13.960,0.500,14485.000,14.370,13.700
1.920,32.350,32.000,0.610,329359.000,32.690,31.800
3.240,6.050,5.870,0.190,23055.000,6.050,5.770
0.840,45.430,45.300,0.380,429495.000,45.520,44.790
0.260,62.360,62.520,0.160,1145814.000,62.870,62.020
0.990,26.490,26.190,0.260,3548839.000,26.500,26.160
1.860,17.550,17.300,0.320,195678.000,17.590,17.220
0.640,59.550,59.600,0.380,2296603.000,60.150,59.250
0.830,51.130,51.240,0.420,1399860.000,51.570,50.325
1.320,53.030,52.710,0.690,2196499.000,53.180,52.390
0.970,10.460,10.420,0.100,547041.000,10.470,10.290
4.190,17.660,17.150,0.710,43191.000,17.680,17.150
2.370,60.540,59.340,1.400,1945913.000,60.600,59.340
1.170,48.960,48.820,0.565,2722907.000,49.240,48.500
5.320,18.000,17.240,0.910,1656478.000,18.090,17.160
1.010,53.010,52.680,0.530,2525560.000,53.250,52.550
1.860,24.590,24.370,0.450,116878.000,24.670,24.370
1.510,6.050,6.000,0.090,38143.000,6.050,5.940
2.380,121.370,119.870,2.820,1909963.000,122.300,118.880
1.380,84.960,84.010,1.160,6329.000,84.960,84.010
2.040,68.930,68.120,1.380,785904.000,68.990,67.920
0.760,24.000,23.900,0.180,294309.000,24.040,23.720
5.920,40.780,38.610,2.280,1115988.000,40.790,38.550
0.650,81.530,81.170,0.530,508764.000,81.780,81.050
0.940,22.460,22.490,0.210,224885.000,23.060,21.860
2.070,40.350,39.890,0.820,393686.000,40.590,39.890
2.780,33.610,33.060,0.910,1342642.000,33.800,33.020
1.320,54.530,54.140,0.710,3796045.000,55.250,54.050
1.910,183.690,181.490,3.440,1209571.000,183.940,179.710
-1.700,60.130,61.030,-1.040,3986486.000,61.460,60.000
0.600,89.240,89.180,0.530,1382506.000,89.910,88.980
3.490,9.490,9.280,0.320,28326.000,9.550,9.280
0.000,116.980,117.370,0.000,68057.000,118.040,116.865
1.360,62.420,61.800,0.840,463339.000,62.620,61.580
3.200,48.080,46.890,1.490,902655.000,48.190,46.890
1.560,18.900,18.640,0.290,1437944.000,18.910,18.640
1.690,14.450,14.360,0.240,106884.000,14.520,14.250
0.780,184.590,185.750,1.420,4991.000,185.750,183.020
3.710,13.980,13.670,0.500,3772630.000,14.010,13.640
2.720,59.200,58.090,1.570,804785.000,59.550,57.920
2.220,45.150,45.190,0.980,18457160.000,45.490,44.400
1.180,54.100,53.760,0.630,4558048.000,54.350,53.750
3.570,16.830,16.430,0.580,1775425.000,16.910,16.430
1.360,17.880,17.820,0.240,156065.000,18.040,17.820
2.500,16.430,16.180,0.400,62883.000,16.580,16.050
3.170,22.120,21.550,0.680,4449282.000,22.350,21.550
4.200,3.720,3.610,0.150,322386.000,3.730,3.581
0.000,7.380,7.430,0.000,678134.000,7.500,7.330
-0.310,16.160,16.260,-0.050,2980678.000,16.340,15.950
3.550,77.100,75.210,2.640,2579194.000,77.470,75.210
1.120,53.300,52.940,0.590,568136.000,53.340,52.830
1.450,91.770,91.220,1.310,2548825.000,92.240,90.580
2.400,24.760,24.690,0.580,882441.000,25.000,24.440
0.840,13.230,13.270,0.110,898331.000,13.500,12.870
2.930,38.000,37.180,1.080,42120.000,38.020,36.770
6.090,10.280,9.860,0.590,1410652.000,10.300,9.770
-1.240,1.590,1.660,-0.020,1765069.000,1.660,1.570
1.650,123.940,123.130,2.010,955053.000,125.940,122.570
0.120,50.320,50.320,0.060,1318728.000,50.390,50.265
3.730,9.730,9.440,0.350,75161.000,9.750,9.440
1.010,298.330,296.710,2.970,268293.000,299.212,296.162
4.550,12.410,12.010,0.540,83595.000,12.580,12.010
3.420,37.230,36.180,1.230,53409.000,37.450,35.920
2.400,65.830,64.500,1.540,415925.000,65.930,64.380
2.170,92.140,90.860,1.960,232064.000,92.420,90.670
2.350,10.450,10.270,0.240,2259360.000,10.530,10.260
-1.170,4.220,4.300,-0.050,140994.000,4.360,4.170
-1.960,26.970,27.460,-0.540,1445220.000,27.460,26.880
1.340,54.380,53.980,0.720,22571.000,54.540,53.800
1.040,55.580,55.670,0.570,1923883.000,56.480,54.950
0.180,62.140,62.450,0.110,81603.000,62.450,61.690
1.850,58.310,57.430,1.060,1250890.000,58.370,57.270
3.080,31.420,30.890,0.940,11095566.000,31.510,30.800
5.110,6.170,5.810,0.300,136642.000,6.200,5.800
2.910,23.000,22.600,0.650,864897.000,23.000,22.480
1.670,17.040,16.880,0.280,1052898.000,17.220,16.850
2.150,21.890,21.590,0.460,4164430.000,21.980,21.470
0.000,26.790,27.020,0.000,255672.000,27.366,26.410
4.900,8.130,7.860,0.380,102217.000,8.140,7.750
3.080,45.170,44.230,1.350,157454.000,45.300,44.230
4.710,42.440,40.890,1.910,2969861.000,42.470,40.890
0.930,22.900,22.680,0.210,876176.000,23.030,22.680
2.420,16.930,16.620,0.400,9136552.000,17.000,16.610
1.320,72.760,72.200,0.950,279890.000,72.900,72.000
3.170,17.600,17.190,0.540,35260.000,17.820,17.110
3.820,54.330,53.080,2.000,48016.000,54.430,52.880
5.360,21.230,20.430,1.080,151442.000,21.250,20.290
3.680,44.790,43.570,1.590,103678.000,45.070,43.570
-13.650,32.650,33.125,-5.160,6843146.000,33.930,32.550
1.970,4.150,4.100,0.080,553041.000,4.190,4.070
1.150,83.600,82.900,0.950,14900750.000,83.760,82.800
2.540,22.200,21.850,0.550,188059.000,22.250,21.670
1.410,25.100,24.750,0.350,841096.000,25.120,24.750
4.600,41.840,40.470,1.840,47274.000,41.910,40.470
0.810,38.700,38.600,0.310,45714.000,38.960,38.380
2.310,19.950,19.700,0.450,476196.000,20.000,19.600
2.830,14.190,13.900,0.390,2441693.000,14.190,13.770
2.180,52.800,52.070,1.125,4093387.000,52.910,52.060
1.130,4.490,4.490,0.050,70259.000,4.530,4.440
1.200,3.380,3.380,0.040,242952.000,3.490,3.126
1.640,57.560,57.100,0.930,377828.000,57.810,56.820
2.160,25.560,25.160,0.540,418308.000,25.670,25.140
3.090,21.010,20.450,0.630,298193.000,21.050,20.410
0.620,29.240,29.370,0.180,2834066.000,29.570,29.120
0.790,24.240,24.220,0.190,207503.000,24.460,24.160
0.050,100.550,101.020,0.050,3082831.000,101.990,99.845
3.010,54.400,53.280,1.590,48257.000,54.490,53.280
1.010,6.010,6.000,0.060,337182.000,6.090,5.970
2.830,36.330,35.590,1.000,4334359.000,36.570,35.580
2.300,77.480,76.060,1.740,88231.000,77.610,75.550
3.570,27.540,26.810,0.950,85103646.000,27.640,26.780
2.750,32.850,32.400,0.880,3034921.000,32.860,32.340
4.490,57.950,55.850,2.490,552857.000,58.180,55.810
3.900,37.040,36.070,1.390,1171979.000,37.130,36.016
1.860,84.860,84.120,1.550,117720.000,85.690,84.120
2.740,22.500,22.090,0.600,15174.000,22.650,21.622
-0.310,94.310,94.940,-0.290,4428427.000,94.940,93.380
3.460,7.180,7.070,0.240,7387382.000,7.250,7.060
0.000,0.890,0.890,0.000,213069.000,0.954,0.890
1.350,73.400,72.840,0.980,3094408.000,73.520,72.710
5.200,1.820,1.750,0.090,595359.000,1.840,1.720
2.980,8.650,8.460,0.250,188890.000,8.670,8.400
1.970,7.250,7.170,0.140,150349.000,7.360,7.050
1.380,30.940,30.820,0.420,286899.000,31.310,30.520
2.250,93.760,92.810,2.060,387422.000,94.160,92.590
1.550,18.950,18.810,0.290,156671.000,19.020,18.700
1.980,24.250,23.920,0.470,1078484.000,24.250,23.860
-0.370,13.480,13.560,-0.050,142491.000,13.640,13.250
1.500,40.500,40.400,0.600,58986.000,40.820,39.530
2.890,9.960,9.750,0.280,141220.000,10.000,9.550
1.570,13.600,13.430,0.210,2142.000,13.670,13.430
0.240,12.350,12.350,0.030,152687.000,12.450,12.200
0.740,38.020,37.830,0.280,32092213.000,38.180,37.421
1.680,99.660,99.050,1.650,490571.000,100.480,98.430
2.380,8.600,8.440,0.200,44431.000,8.830,8.440
0.650,32.400,32.360,0.210,326712.000,32.510,32.090
5.810,7.280,6.990,0.400,606653.000,7.370,6.920
3.940,45.360,44.130,1.720,1289476.000,45.660,44.111
0.220,45.810,45.920,0.100,2667105.000,45.990,45.430
3.360,1.230,1.200,0.040,611846.000,1.230,1.180
2.960,48.990,48.510,1.410,90741.000,49.110,47.220
1.870,49.680,49.250,0.910,1028548.000,49.720,49.080
1.820,41.480,41.090,0.740,213334.000,41.650,40.810
6.190,1.200,1.150,0.070,262006.000,1.210,1.130
4.150,9.780,9.530,0.390,255582.000,9.800,9.510
1.890,36.590,36.210,0.680,153792.000,36.730,36.140
4.050,11.310,10.960,0.440,14851.000,11.320,10.690
3.400,15.975,15.620,0.525,2266051.000,16.070,15.570
5.510,15.790,15.270,0.825,66029141.000,16.030,15.220
-0.260,7.540,7.640,-0.020,1379689.000,7.670,7.450
4.130,16.900,16.390,0.670,252496.000,16.980,16.390
1.250,311.390,309.350,3.840,1075726.000,312.770,308.370
0.550,5.450,5.480,0.030,1684255.000,5.510,5.350
2.620,49.660,48.800,1.270,2326915.000,49.850,48.560
1.100,7.360,7.350,0.080,116008.000,7.480,7.130
2.950,2.440,2.370,0.070,279252.000,2.450,2.360
0.300,26.590,26.010,0.080,706421.000,26.610,25.340
1.500,72.200,71.330,1.070,1037000.000,72.656,71.150
2.780,19.250,18.910,0.520,80830.000,19.320,18.550
2.010,31.480,31.130,0.620,339452.000,31.480,30.930
0.720,65.990,65.530,0.470,249828.000,66.910,65.250
5.380,24.500,23.800,1.250,18643.000,24.700,23.260
0.660,30.320,30.160,0.200,19560782.000,30.350,29.965
1.960,24.390,24.040,0.470,960449.000,24.460,23.890
2.080,24.100,23.800,0.490,9154969.000,24.240,23.800
4.140,59.420,57.600,2.360,1231977.000,60.120,57.590
-1.130,0.702,0.730,-0.008,564369.000,0.730,0.700
2.040,39.540,39.040,0.790,7787352.000,39.730,38.990
1.300,16.410,16.290,0.210,2593918.000,16.450,16.210
5.670,185.210,178.740,9.930,12961136.000,185.210,178.650
2.590,15.030,14.680,0.380,15299.000,15.080,14.680
2.950,37.370,36.640,1.070,128141.000,37.670,36.120
1.920,9.010,8.920,0.170,795915.000,9.020,8.880
2.640,46.340,45.120,1.190,282822.000,46.450,45.120
0.310,38.320,38.180,0.120,112110.000,38.400,38.140
4.640,81.490,78.990,3.610,2114355.000,82.170,78.990
2.400,18.340,18.000,0.430,231978.000,18.540,17.900
0.380,32.080,32.200,0.120,105785.000,32.220,31.960
0.350,63.590,63.600,0.220,106895.000,63.820,63.220
1.590,42.730,42.380,0.670,225918.000,42.890,42.360
3.280,69.320,67.700,2.200,18268076.000,69.780,67.530
2.240,47.000,46.090,1.030,7069.000,47.010,46.070
2.590,16.260,15.990,0.410,248697.000,16.280,15.970
4.250,55.380,53.920,2.260,14547805.000,55.410,53.900
1.250,17.760,17.940,0.220,151950.000,18.050,17.620
4.010,3.890,3.790,0.150,78581.000,3.920,3.710
-8.580,9.590,9.790,-0.900,1753475.000,9.790,9.160
1.450,20.280,20.090,0.290,182670.000,20.300,20.060
2.460,25.030,24.530,0.600,19309358.000,25.170,24.320
1.740,15.800,15.580,0.270,59985.000,15.830,15.522
2.210,68.880,67.970,1.490,1092749.000,69.340,67.940
2.540,17.360,17.020,0.430,76003.000,17.380,16.960
2.380,22.330,21.930,0.520,705672.000,22.438,21.840
1.200,40.050,39.850,0.475,650252.000,40.190,39.810
0.460,43.300,43.520,0.200,657349.000,43.830,43.160
0.510,19.590,19.590,0.100,107002.000,19.650,19.480
3.240,83.820,81.750,2.630,1783126.000,84.060,81.710
2.780,27.000,26.520,0.730,155377.000,27.020,26.520
-0.470,17.020,17.320,-0.080,295456.000,17.400,16.740
11.020,1.310,1.240,0.130,5342963.000,1.350,1.220
1.630,46.060,45.840,0.740,3584333.000,46.350,45.250
0.510,47.290,47.110,0.240,1484118.000,47.370,46.710
2.420,23.690,23.250,0.560,5798015.000,23.705,23.200
1.600,4.440,4.420,0.070,944860.000,4.480,4.380
-0.300,16.360,16.620,-0.050,294177.000,16.690,16.300
1.670,41.380,40.960,0.680,137255.000,41.410,40.700
1.920,21.770,21.490,0.410,194801.000,21.939,21.490
2.150,80.810,79.760,1.700,1614443.000,80.950,79.700
3.570,35.710,34.860,1.230,230751.000,35.850,34.700
4.370,10.500,10.130,0.440,15483.000,10.500,10.020
0.840,24.030,23.990,0.200,21270.000,24.090,23.760
7.580,2.130,1.990,0.150,1086430.000,2.130,1.970
0.340,26.770,26.820,0.090,15080867.000,27.050,26.420
-1.840,8.530,8.720,-0.160,531867.000,8.840,8.500
2.410,2.550,2.520,0.060,11261706.000,2.570,2.420
3.040,20.010,19.670,0.590,45937.000,20.010,19.520
0.530,1.910,1.887,0.010,19013.000,1.910,1.840
0.480,6.230,6.240,0.030,66080.000,6.340,6.200
3.520,12.650,12.280,0.430,276121.000,12.750,12.110
1.350,80.880,80.750,1.080,4749429.000,81.460,79.930
2.550,92.090,90.570,2.290,229239.000,92.110,90.570
5.580,26.470,25.270,1.400,2711586.000,26.700,25.250
3.000,8.230,8.140,0.240,2222989.000,8.250,8.110
3.160,95.280,93.320,2.920,573027.000,95.430,93.020
2.730,19.200,18.960,0.510,299532.000,19.250,18.500
3.060,39.760,38.990,1.180,651750.000,39.870,38.990
-0.250,11.980,12.090,-0.030,141340.000,12.130,11.380
2.890,73.640,72.420,2.070,25148.000,73.670,71.580
3.570,45.570,44.520,1.570,360641.000,45.880,44.450
2.530,24.710,24.310,0.610,231399.000,24.880,24.134
1.720,61.650,60.700,1.040,230763.000,61.660,60.700
1.620,39.550,39.220,0.630,2629413.000,39.570,38.980
4.360,45.480,43.920,1.900,216268.000,45.536,43.781
1.780,18.920,18.900,0.330,1155007.000,19.090,18.640
0.360,16.500,16.570,0.060,5534668.000,16.820,16.450
2.630,23.060,22.670,0.590,218307.000,23.140,22.512
2.030,26.690,26.220,0.530,11021.000,26.690,25.970
1.890,9.710,9.630,0.180,183015.000,9.710,9.520
2.050,35.840,35.500,0.720,226458.000,35.990,35.420
3.020,27.250,26.510,0.800,204478.000,27.300,26.510
1.260,20.910,20.650,0.260,836314.000,20.910,20.560
-1.350,13.130,13.460,-0.180,234245.000,13.560,13.070
3.010,18.120,17.740,0.530,40552.000,18.170,17.660
5.200,26.520,25.260,1.310,37269.000,26.680,25.184
0.830,53.400,53.250,0.440,160334.000,53.480,52.910
1.240,38.420,38.180,0.470,3659310.000,38.710,37.790
0.290,37.940,38.020,0.110,8189415.000,38.160,37.600
1.290,41.460,41.220,0.530,1306939.000,41.470,40.750
1.060,47.800,47.630,0.500,3949852.000,47.920,47.320
1.380,40.380,39.920,0.550,32463096.000,40.490,39.710
1.670,34.020,33.790,0.560,519890.000,34.100,33.480
0.200,35.250,35.260,0.070,9248310.000,35.460,35.205
2.830,4.000,3.960,0.110,220093.000,4.050,3.910
0.000,1.590,1.610,0.000,343177.000,1.640,1.480
1.210,35.260,35.130,0.420,543652.000,35.400,34.670
0.000,7.160,7.220,0.000,102102.000,7.220,7.070
3.090,14.221,13.840,0.426,14966160.000,14.250,13.840
6.320,94.582,90.070,5.622,1933901.000,94.650,89.890
0.800,8.840,8.850,0.070,29209.000,8.870,8.730
2.240,24.470,24.100,0.535,13404298.000,24.570,24.070
-2.030,3.370,3.300,-0.070,170252.000,3.390,3.210
2.590,17.430,17.000,0.440,2222290.000,17.590,17.000
1.690,25.800,25.450,0.430,1018843.000,25.850,25.440
2.600,97.300,95.980,2.470,23671.000,98.000,94.850
3.700,5.880,5.760,0.210,1099594.000,5.890,5.660
4.210,22.770,22.200,0.920,165177.000,22.860,22.190
1.080,19.660,19.510,0.210,1445620.000,19.780,19.500
2.460,4.160,4.110,0.100,265634.000,4.200,4.082
-0.210,4.700,4.680,-0.010,179105.000,4.770,4.630
4.010,7.520,7.280,0.290,28860484.000,7.530,7.280
1.780,15.440,15.290,0.270,23121467.000,15.490,15.250
2.620,16.470,16.100,0.420,48796.000,16.470,16.000
2.030,82.870,81.710,1.650,757911.000,83.200,81.650
0.580,36.220,36.250,0.210,301277.000,36.370,35.770
1.450,40.500,40.030,0.580,10630.000,40.500,39.880
1.920,30.320,30.040,0.570,7205522.000,30.600,29.930
3.180,10.390,10.680,0.320,14719.000,10.680,10.250
3.240,399.000,391.020,12.540,2923.000,399.000,389.830
0.230,12.990,12.990,0.030,1623671.000,13.100,12.930
1.090,69.360,69.360,0.750,342894.000,69.390,68.910
2.510,7.770,7.620,0.190,12379128.000,7.770,7.600
0.720,19.490,19.650,0.140,48764.000,19.650,19.180
-0.050,19.200,19.260,-0.010,814837.000,19.340,18.920
1.170,62.100,61.730,0.720,142403.000,62.150,61.580
5.000,32.520,32.230,1.550,1171960.000,32.890,31.974
0.330,6.140,6.070,0.020,226081.000,6.240,6.070
3.650,41.980,40.890,1.480,5892610.000,42.250,40.890
1.710,56.020,55.330,0.940,2095216.000,56.030,55.230
1.880,69.840,68.870,1.290,731291.000,69.840,68.800
1.530,106.150,104.950,1.600,115671.000,106.270,104.260
2.900,30.480,29.950,0.860,71215.000,30.500,29.870
2.760,10.780,10.590,0.290,1416991.000,10.860,10.550
2.010,50.300,49.720,0.990,3208615.000,50.330,49.531
1.260,28.820,28.540,0.360,1402602.000,28.850,28.540
1.960,50.880,49.980,0.980,272626.000,50.920,49.950
3.260,33.760,33.080,1.065,17721603.000,34.060,32.760
3.090,218.060,213.770,6.530,4340494.000,218.400,213.770
0.460,49.950,49.820,0.230,1733570.000,50.400,49.750
1.860,30.630,30.380,0.560,2036828.000,30.730,30.280
4.290,20.400,19.830,0.840,13424.000,20.590,19.580
-1.540,9.570,9.750,-0.150,313523082.000,9.850,9.400
1.310,44.020,43.800,0.570,118756.000,44.070,43.730
1.290,39.250,39.150,0.500,70803.000,39.770,38.560
2.420,11.450,11.280,0.270,53954.000,11.500,11.280
2.970,287.290,284.000,8.290,2710539.000,289.310,283.940
2.270,56.300,56.000,1.250,12811035.000,56.380,55.650
1.770,33.980,33.620,0.590,114598.000,34.080,33.430
1.440,60.690,60.840,0.860,1041466.000,61.230,59.810
2.550,8.030,7.900,0.200,394775.000,8.080,7.821
2.590,24.550,24.190,0.620,302653.000,24.750,24.130
0.550,20.230,20.210,0.110,6879727.000,20.400,20.060
0.520,34.790,34.710,0.180,113499.000,34.970,34.560
2.290,19.620,19.340,0.440,430385.000,19.730,19.260
1.700,10.740,10.700,0.180,582131.000,10.800,10.500
1.780,8.570,8.480,0.150,1696072.000,8.650,8.440
3.280,16.040,15.640,0.510,314761.000,16.120,15.640
0.670,6.030,6.020,0.040,1829385.000,6.110,5.980
1.490,34.630,34.200,0.510,1187714.000,34.710,34.150
3.150,71.300,69.740,2.180,1185207.000,71.380,69.740
-1.840,15.500,15.860,-0.290,1452872.000,15.930,15.170
0.470,32.230,32.180,0.150,781428.000,32.315,32.000
1.120,9.050,9.020,0.100,833871.000,9.140,9.000
7.210,13.090,12.380,0.880,602245.000,13.090,12.370
2.610,5.120,5.000,0.130,726060.000,5.140,4.950
2.550,42.690,41.790,1.060,582354.000,42.830,41.770
1.100,31.150,30.900,0.340,1539396.000,31.270,30.725
0.820,15.970,15.910,0.130,68436.000,16.050,15.850
1.200,16.850,16.780,0.200,241909.000,16.920,16.740
0.930,41.150,40.920,0.380,216810.000,41.150,40.920
2.260,65.750,64.920,1.450,1229148.000,65.790,64.690
0.110,17.880,17.950,0.020,228404.000,18.130,17.620
1.610,25.860,25.560,0.410,6859945.000,25.880,25.560
2.610,11.020,10.830,0.280,448725.000,11.040,10.740
3.030,1.360,1.350,0.040,880409.000,1.370,1.330
0.940,71.690,71.000,0.670,252139.000,71.850,70.870
2.080,17.150,16.950,0.350,4098359.000,17.245,16.860
-0.360,52.130,52.710,-0.190,358554.000,52.890,51.880
1.670,11.570,11.500,0.190,171700.000,11.720,11.360
1.260,141.200,140.470,1.760,289188.000,141.670,140.060
1.390,90.920,90.320,1.250,29807.000,91.140,89.720
0.680,69.930,69.850,0.470,2061938.000,70.030,69.395
2.200,44.500,43.750,0.960,2964165.000,44.650,43.730
-0.090,22.980,23.130,-0.020,1270537.000,23.290,22.730
0.510,19.750,19.770,0.100,200696.000,20.150,19.640
4.020,43.430,42.030,1.680,1799216.000,43.580,41.950
1.910,18.640,18.420,0.350,1434066.000,18.740,18.420
2.930,12.660,12.390,0.360,12811158.000,12.720,12.390
1.950,23.520,23.270,0.450,3773398.000,23.710,23.250
1.600,22.910,22.700,0.360,42032.000,23.020,22.590
2.280,26.450,26.090,0.590,823790.000,26.480,26.060
1.740,11.130,11.030,0.190,494429.000,11.210,11.020
1.820,16.800,16.610,0.300,850521.000,16.810,16.460
2.350,38.760,38.130,0.890,72125.000,38.760,37.930
3.130,37.240,36.420,1.130,249320.000,37.300,36.420
1.530,33.930,33.420,0.510,575905.000,34.050,33.420
1.060,18.170,18.100,0.190,499129.000,18.190,17.960
2.190,29.400,29.020,0.630,4797042.000,29.630,28.930
0.640,4.700,4.720,0.030,84423.000,4.730,4.650
2.260,20.830,20.580,0.460,201856.000,20.830,20.465
5.080,32.070,30.740,1.550,230865.000,32.280,30.590
7.720,28.740,27.160,2.060,48165.000,29.020,27.160
1.050,27.010,26.990,0.280,507941.000,27.610,26.880
2.560,68.950,67.740,1.720,563191.000,69.140,67.740
0.000,1.940,1.970,0.000,974145.000,2.000,1.900
0.840,18.050,17.980,0.150,134682.000,18.080,17.970
1.190,29.750,29.550,0.350,2318045.000,29.890,29.540
1.710,33.390,32.980,0.560,72037.000,33.410,32.980
0.920,79.720,79.440,0.730,403500.000,79.940,78.880
-0.050,20.150,20.310,-0.010,508744.000,20.450,19.960
1.870,35.450,35.210,0.650,5862382.000,35.685,34.970
1.910,15.440,15.190,0.290,2238390.000,15.470,15.190
2.270,38.260,37.620,0.850,137602.000,38.260,37.550
-1.310,66.410,68.370,-0.880,1690.000,68.370,66.350
2.530,21.520,21.190,0.530,487142.000,21.540,21.100
1.290,18.100,17.910,0.230,209727.000,18.140,17.880
2.480,69.810,68.950,1.690,641699.000,69.900,68.640
1.540,53.560,52.970,0.810,33976.000,53.600,52.648
2.460,73.790,72.900,1.770,675983.000,73.940,72.650
3.340,25.700,25.000,0.830,1713966.000,25.770,24.880
3.010,46.560,45.290,1.360,143562.000,46.640,45.290
3.400,112.080,108.890,3.690,171207.000,112.150,108.880
2.900,5.320,5.210,0.150,117949.000,5.340,5.200
2.470,11.180,11.010,0.270,41849.000,11.310,10.920
5.460,6.950,6.670,0.360,682910.000,6.990,6.650
3.740,21.930,21.260,0.790,21629.000,21.940,21.260
0.960,5.250,5.280,0.050,22501.000,5.290,5.121
1.160,18.370,18.290,0.210,3253711.000,18.420,18.150
6.420,0.708,0.700,0.043,266810.000,0.710,0.670
-1.590,162.270,169.150,-2.620,5824632.000,172.580,160.720
2.260,62.010,61.400,1.370,1175200.000,62.090,61.350
7.740,10.020,9.400,0.720,1877891.000,10.110,9.400
5.440,13.570,13.020,0.700,424331.000,13.600,13.020
3.080,12.400,12.140,0.370,76312.000,12.400,12.130
2.650,68.910,68.040,1.780,77455.000,69.110,67.370
1.510,42.460,42.050,0.630,1053946.000,42.680,41.920
2.650,90.100,88.610,2.330,97243.000,90.110,87.720
3.520,22.910,22.350,0.780,53633.000,23.000,22.350
1.880,21.090,20.880,0.390,720655.000,21.150,20.780
3.310,7.170,7.010,0.230,271246.000,7.180,7.000
1.080,20.540,20.510,0.220,737383.000,20.570,20.350
2.500,72.250,71.080,1.760,334849.000,72.390,71.080
2.940,17.530,17.210,0.500,174630.000,17.600,17.140
1.290,36.970,36.740,0.470,293111.000,36.980,36.450
2.340,40.320,39.810,0.920,5597678.000,40.360,39.710
1.620,106.970,106.240,1.710,3093991.000,107.600,105.860
3.180,19.810,19.400,0.610,4028812.000,19.870,19.370
8.870,1.350,1.250,0.110,13427555.000,1.350,1.210
0.000,5.590,5.640,0.000,23400.000,5.720,5.580
1.330,82.100,81.460,1.080,577236.000,82.120,81.391
0.850,35.790,35.570,0.300,11028570.000,35.925,35.310
2.990,152.560,150.220,4.430,7330003.000,152.750,149.722
4.440,29.170,28.150,1.240,5689310.000,29.280,28.090
1.890,61.330,60.610,1.140,1141470.000,61.530,60.270
6.160,30.870,29.420,1.790,279219.000,30.890,29.420
3.910,0.239,0.230,0.009,76825.000,0.249,0.230
0.730,56.260,56.250,0.410,135370.000,56.940,55.560
2.100,20.440,20.130,0.420,25916.000,20.630,20.130
2.470,79.330,77.950,1.910,187473.000,79.460,77.890
2.600,6.700,6.570,0.170,6956189.000,6.740,6.530
1.830,35.530,35.170,0.640,157402.000,35.560,34.940
2.500,74.940,73.680,1.830,43846.000,75.640,73.600
0.610,13.130,13.060,0.080,187576.000,13.240,12.920
2.990,77.430,75.920,2.250,1472702.000,77.470,75.920
1.590,32.520,32.110,0.510,140241.000,32.690,32.110
3.000,23.010,22.700,0.670,3049755.000,23.230,22.440
4.330,9.400,9.140,0.390,120566.000,9.520,9.060
3.980,39.150,38.180,1.500,602377.000,39.480,38.100
1.530,19.940,19.650,0.300,33179925.000,20.030,19.620
2.700,40.650,40.110,1.070,137155.000,40.850,40.110
-0.340,43.950,44.110,-0.150,2853800.000,44.130,43.920
2.800,37.450,36.870,1.020,677498.000,37.470,36.797
3.260,7.290,7.110,0.230,253157.000,7.330,7.020
5.900,12.560,12.150,0.700,10451925.000,12.565,12.150
1.300,14.790,14.700,0.190,391997.000,14.800,14.510
1.510,11.400,11.290,0.170,780215.000,11.460,11.190
3.150,21.630,21.130,0.660,182616.000,21.660,21.130
0.690,77.730,77.800,0.530,856981.000,78.380,77.650
1.760,26.090,25.760,0.450,169910.000,26.090,25.760
3.750,17.420,16.930,0.630,23620929.000,17.440,16.930
2.470,24.900,24.490,0.600,108127.000,24.900,24.270
2.180,79.120,77.970,1.690,304068.000,79.730,77.970
0.750,43.270,43.290,0.320,6842452.000,43.425,42.640
2.610,15.740,15.530,0.400,75455.000,15.770,15.420
-0.320,3.070,3.100,-0.010,521546.000,3.140,3.050
0.220,4.490,4.530,0.010,389784.000,4.550,4.390
1.990,39.430,38.930,0.770,1079944.000,39.500,38.871
4.030,23.750,23.110,0.920,81982.000,23.790,23.110
3.000,31.630,31.080,0.920,303543.000,31.948,30.340
3.180,65.920,64.540,2.030,916105.000,66.030,64.480
4.170,32.950,32.420,1.320,1074946.000,33.100,32.420
1.010,23.970,23.940,0.240,31841.000,24.240,23.540
0.690,26.370,26.260,0.180,435247.000,26.390,26.070
4.100,11.680,11.320,0.460,36486.000,11.710,11.271
0.220,9.190,9.180,0.020,483174.000,9.190,9.170
2.500,16.800,16.440,0.410,3447984.000,16.810,16.420
2.340,24.510,24.120,0.560,4482404.000,24.530,23.970
1.180,31.730,31.380,0.370,3396548.000,31.810,31.200
5.000,5.880,5.630,0.280,8561.000,5.940,5.491
3.230,51.800,50.650,1.620,4377040.000,51.990,50.550
2.390,47.650,46.840,1.110,177239.000,47.740,46.700
3.170,28.350,27.850,0.870,72481.000,28.610,27.850
1.620,47.060,46.630,0.750,331769.000,47.300,46.630
1.120,55.270,55.010,0.610,4821365.000,55.510,54.870
1.700,20.330,20.120,0.340,1865849.000,20.430,19.910
1.790,1.140,1.140,0.020,454740.000,1.160,1.100
3.620,25.500,24.890,0.890,17064.000,25.682,24.890
1.840,31.590,31.310,0.570,1433613.000,31.830,31.230
1.570,33.690,33.420,0.520,169530.000,33.690,33.140
2.720,9.820,9.640,0.260,210334.000,9.890,9.640
2.320,131.310,129.380,2.980,269736.000,131.410,129.210
2.800,15.040,14.770,0.410,299502.000,15.160,14.733
2.540,88.250,86.400,2.190,546733.000,88.430,86.370
1.680,35.610,35.240,0.590,15566458.000,35.710,34.930
2.090,47.290,46.670,0.970,896309.000,47.300,46.500
1.710,5.950,5.890,0.100,261377.000,5.950,5.840
3.480,374.900,365.910,12.620,589469.000,375.990,365.050
2.900,74.460,73.220,2.100,1544958.000,74.620,73.200
0.240,16.540,16.630,0.040,273083.000,16.630,16.300
1.130,31.210,30.980,0.350,1155321.000,31.290,30.840
1.880,48.700,48.340,0.900,659299.000,48.880,48.180
-1.740,4.520,4.610,-0.080,65775.000,4.650,4.440
1.310,81.080,80.350,1.050,207130.000,81.270,80.350
2.820,43.440,42.680,1.190,363379.000,43.670,42.680
2.400,4.270,4.220,0.100,195126.000,4.290,4.170
3.070,8.400,8.250,0.250,57631.000,8.430,8.250
0.470,19.150,19.280,0.090,108139.000,19.340,18.840
1.640,34.080,33.930,0.550,584799.000,34.430,33.870
1.230,33.690,33.520,0.410,3957930.000,33.920,33.500
2.310,34.500,34.000,0.780,161798.000,34.550,33.840
0.350,49.050,48.190,0.170,2457349.000,49.050,48.160
3.310,96.140,93.660,3.080,584434.000,96.140,93.660
3.650,71.080,69.480,2.500,1727110.000,71.140,69.480
3.900,2.930,2.850,0.110,157707.000,2.930,2.790
8.940,45.110,44.980,3.700,10547651.000,46.880,44.770
1.300,32.650,32.400,0.420,23037.000,32.770,32.400
1.460,27.160,26.920,0.390,254184.000,27.480,26.350
0.940,51.810,51.740,0.480,6954841.000,52.620,51.190
0.180,38.240,38.200,0.070,43483569.000,38.260,38.170
2.720,50.920,49.990,1.350,989896.000,51.070,49.900
3.750,9.140,8.930,0.330,186514.000,9.195,8.830
1.080,40.320,40.190,0.430,41063.000,40.420,39.730
1.180,14.590,14.570,0.170,29201370.000,14.690,14.450
2.570,60.670,59.420,1.520,559926.000,60.690,59.410
2.970,12.140,11.900,0.350,211156.000,12.155,11.810
1.380,94.200,93.410,1.280,854132.000,94.450,93.410
1.820,15.090,15.020,0.270,132228.000,15.200,14.970
1.230,4.930,4.920,0.060,52792.000,4.950,4.760
0.570,55.160,55.160,0.310,3135986.000,55.200,54.660
2.890,19.600,19.200,0.550,587245.000,19.790,19.200
3.350,48.380,47.160,1.570,476812.000,48.420,46.510
4.030,537.500,521.980,20.840,947649.000,538.860,520.490
0.890,86.610,87.040,0.760,626339.000,87.770,86.210
1.470,46.360,46.190,0.670,77098.000,46.400,46.020
0.900,37.100,37.050,0.330,171768.000,37.600,37.020
3.170,13.360,13.010,0.410,1839615.000,13.370,12.960
-0.010,80.020,80.010,-0.010,1184197.000,80.125,80.000
2.880,53.200,52.110,1.490,1241169.000,53.210,52.062
0.120,8.460,8.450,0.010,753348.000,8.460,8.440
2.800,41.530,40.670,1.130,128578.000,41.810,40.670
3.080,56.980,55.990,1.700,14530396.000,57.245,55.870
0.490,53.410,53.690,0.260,2022460.000,53.850,53.080
