2.620,11.760,11.530,0.300,76749.000,11.820,11.400
2.200,20.910,20.590,0.450,165217.000,21.240,20.560
-0.300,13.300,13.340,-0.040,161084.000,13.420,13.230
-0.870,63.980,64.840,-0.560,305125.000,64.990,63.940
1.130,6.270,6.260,0.070,568543.000,6.330,6.240
0.860,34.180,33.890,0.290,2598541.000,34.430,33.620
3.150,53.990,52.550,1.650,877027.000,54.510,52.390
1.820,23.520,23.210,0.420,3248861.000,23.550,22.840
0.850,34.470,34.050,0.290,1664850.000,34.870,34.050
0.430,21.130,21.080,0.090,2449053.000,21.240,20.820
2.260,51.210,50.100,1.130,4771.000,51.220,50.100
1.670,57.890,57.230,0.950,1297270.000,58.100,57.230
0.420,37.810,37.950,0.160,2576866.000,38.195,37.650
-0.220,17.850,17.900,-0.040,61070.000,18.000,17.780
2.060,21.290,20.860,0.430,16342.000,21.290,20.860
1.420,18.540,18.340,0.260,100234.000,18.690,18.330
-0.550,40.110,40.160,-0.220,505412.000,40.990,39.630
0.630,16.060,16.020,0.100,389257.000,16.150,15.890
6.230,3.580,3.390,0.210,2335211.000,3.640,3.340
2.540,52.850,51.900,1.310,1230287.000,53.280,51.890
0.180,11.130,11.130,0.020,93408.000,11.150,11.110
-0.880,4.480,4.580,-0.040,124337.000,4.600,4.370
1.140,72.890,72.580,0.820,4256776.000,73.250,72.000
0.380,16.050,16.030,0.060,183748.000,16.170,15.750
1.760,10.430,10.350,0.180,22070.000,10.500,10.318
0.610,22.970,22.810,0.140,18807.000,23.250,22.530
0.230,17.500,17.560,0.040,287874.000,17.740,17.270
4.220,39.490,38.480,1.600,293507.000,40.830,38.480
0.610,11.560,11.570,0.070,4816918.000,11.730,11.510
1.970,19.160,18.980,0.370,65841313.000,19.280,18.860
1.060,13.300,13.220,0.140,202410.000,13.340,13.160
0.190,5.300,5.330,0.010,315527.000,5.400,5.250
2.620,17.620,17.550,0.450,303689.000,17.780,17.350
2.230,56.960,56.630,1.240,1093494.000,57.910,56.460
-1.140,10.390,10.470,-0.120,660194.000,10.740,10.350
0.470,53.710,53.660,0.250,720722.000,54.240,53.530
4.140,31.960,30.930,1.270,285058.000,32.000,30.930
1.440,13.420,13.290,0.190,1438035.000,13.550,13.290
3.930,42.310,40.550,1.600,9000874.000,42.480,40.090
0.350,66.470,66.450,0.230,11375043.000,66.795,66.130
2.580,9.530,9.280,0.240,523844.000,9.580,9.130
1.650,4.940,4.900,0.080,293074.000,4.990,4.900
0.620,87.900,87.280,0.540,418189.000,88.250,87.220
0.020,85.350,85.500,0.020,96565.000,85.830,85.250
1.700,67.450,67.050,1.130,157518.000,67.910,66.810
1.830,17.840,17.550,0.320,1450791.000,17.870,17.330
1.280,37.330,37.070,0.470,120301.000,37.730,36.810
1.990,15.870,15.600,0.310,66247.000,15.890,15.330
-2.660,30.320,30.530,-0.830,14272007.000,30.670,30.130
4.840,71.490,69.750,3.300,11727631.000,71.760,69.740
2.160,52.920,52.250,1.120,4244770.000,52.970,52.150
2.520,8.540,8.370,0.210,122662.000,8.550,8.300
0.270,25.810,25.870,0.070,157638.000,25.960,25.770
2.340,7.440,7.300,0.170,1221960.000,7.455,7.140
3.110,8.620,8.430,0.260,30930.000,8.620,8.350
1.200,5.070,5.020,0.060,1265655.000,5.090,4.990
0.440,13.610,13.590,0.060,1184671.000,13.690,13.580
1.560,12.980,12.930,0.200,3088783.000,13.230,12.850
2.630,10.530,10.440,0.270,3842835.000,10.750,10.270
0.450,64.490,64.350,0.290,8543386.000,64.850,64.240
2.700,7.230,7.110,0.190,34919.000,7.240,7.000
0.760,22.460,22.350,0.170,2161291.000,22.570,22.320
2.040,83.690,82.850,1.670,2670342.000,84.410,82.750
1.380,9.520,9.450,0.130,385026.000,9.600,9.380
0.490,59.290,59.180,0.290,317366.000,59.530,58.690
0.840,84.500,84.110,0.700,474194.000,85.145,84.020
-1.060,2.800,2.880,-0.030,27945.000,2.940,2.800
0.000,1.290,1.310,0.000,223848.000,1.350,1.270
-0.450,33.170,33.400,-0.150,1823554.000,33.770,33.120
1.990,94.320,93.230,1.840,547897.000,94.610,93.030
3.450,12.600,12.260,0.420,1451317.000,12.610,12.170
0.710,11.300,11.280,0.080,419754.000,11.300,11.210
2.490,63.915,62.630,1.555,911717.000,64.500,62.600
1.640,88.570,87.760,1.430,1215835.000,88.660,87.460
0.640,37.570,37.520,0.240,17635567.000,37.820,37.370
1.350,39.130,38.750,0.520,1689691.000,39.490,38.640
4.760,27.970,26.890,1.270,5783190.000,28.190,26.880
0.000,4.780,4.800,0.000,215965.000,4.830,4.710
2.850,42.980,42.050,1.190,8404171.000,43.110,42.050
0.710,19.025,19.010,0.135,8001279.000,19.180,18.760
1.380,24.890,24.700,0.340,41479.000,24.920,24.320
0.050,44.080,44.210,0.020,1006379.000,44.670,43.850
1.270,6.380,6.350,0.080,979971.000,6.550,6.330
0.470,48.910,48.840,0.230,153891.000,49.570,48.320
3.330,100.320,97.800,3.230,2244225.000,101.440,97.790
1.280,22.635,22.470,0.285,10067486.000,22.780,22.160
0.700,13.595,13.600,0.095,5681264.000,13.645,13.449
1.120,31.650,31.530,0.350,557498.000,31.900,31.350
2.520,39.510,38.840,0.970,40754.000,39.539,38.670
-0.190,40.970,41.250,-0.080,232372.000,41.833,40.650
2.260,28.950,28.400,0.640,9743371.000,29.269,28.300
1.130,24.170,24.120,0.270,7461329.000,24.490,24.080
-0.620,24.070,23.850,-0.150,725829.000,24.440,22.950
-1.280,30.010,30.540,-0.390,746793.000,30.550,29.990
0.470,8.480,8.500,0.040,1212851.000,8.650,8.250
-1.560,7.590,7.800,-0.120,2745007.000,7.900,7.520
0.170,11.920,11.910,0.020,7098622.000,12.070,11.830
0.630,9.510,9.510,0.060,2505945.000,9.630,9.410
2.010,17.770,17.510,0.350,70760.000,17.780,17.230
1.940,110.000,108.830,2.090,12704.000,110.000,106.150
0.820,23.370,23.240,0.190,106516.000,23.600,23.110
0.630,1.610,1.630,0.010,53013.000,1.650,1.610
2.070,6.410,6.310,0.130,5166558.000,6.450,6.230
2.400,43.140,42.400,1.010,2318590.000,43.570,41.760
1.820,55.450,54.740,0.990,47502.000,55.460,54.740
1.550,33.510,33.130,0.510,1069942.000,33.630,33.070
-0.260,7.670,7.750,-0.020,87335.000,7.750,7.610
1.360,44.640,44.280,0.600,486919.000,44.780,44.240
-1.880,43.860,44.710,-0.840,816214.000,44.710,43.260
2.190,3.270,3.210,0.070,81032.000,3.300,3.130
-0.800,17.420,17.620,-0.140,736205.000,17.660,17.350
1.390,35.000,34.870,0.480,2738597.000,35.210,34.780
0.460,15.150,15.060,0.070,9925682.000,15.270,14.680
1.120,12.690,12.580,0.140,3548775.000,12.750,12.572
1.700,57.890,57.310,0.970,83695.000,58.160,56.670
1.050,53.070,52.810,0.550,2360402.000,53.270,52.500
-6.500,28.930,30.940,-2.010,5682081.000,31.000,28.770
1.140,88.210,88.480,0.990,4926466.000,89.000,87.810
1.900,11.280,11.090,0.210,33281.000,11.300,11.086
0.880,41.100,40.820,0.360,325230.000,41.560,40.820
2.080,11.770,11.660,0.240,1486176.000,11.810,11.561
0.130,7.710,7.760,0.010,10189.000,7.760,7.480
0.810,42.220,42.110,0.340,961909.000,42.640,41.900
1.070,13.270,13.200,0.140,159266.000,13.450,13.020
3.350,16.350,15.820,0.530,93068892.000,16.470,15.820
2.720,55.140,54.260,1.460,353784.000,55.440,54.050
0.100,10.010,10.070,0.010,2073363.000,10.110,9.960
-11.280,98.870,102.810,-12.570,7323361.000,104.000,98.100
0.370,8.170,8.270,0.030,10000264.000,8.300,8.020
1.040,15.580,15.520,0.160,20827759.000,15.790,15.510
3.330,3.410,3.300,0.110,470818.000,3.420,3.280
2.100,1.460,1.430,0.030,1275701.000,1.470,1.420
1.830,27.790,27.350,0.500,41824.000,27.920,27.350
0.240,21.040,21.150,0.050,2767570.000,21.480,20.850
1.420,55.660,55.040,0.780,534989.000,55.860,55.040
0.850,36.720,36.570,0.310,12394833.000,37.210,36.530
-4.510,81.000,81.490,-3.830,4088971.000,82.780,80.570
4.310,51.300,49.410,2.120,72934.000,51.480,49.090
1.170,25.110,25.500,0.290,1052982.000,25.940,24.955
0.340,50.010,50.000,0.170,464071.000,50.500,49.760
-0.220,52.095,52.410,-0.115,1394320.000,52.970,51.870
4.610,18.380,17.730,0.810,20419.000,18.450,17.730
1.030,17.600,17.450,0.180,104401.000,17.800,17.350
0.820,1.230,1.370,0.010,2115474.000,1.380,1.200
0.310,86.540,86.670,0.270,6086999.000,87.038,86.020
-1.100,11.720,11.840,-0.130,1063155.000,11.980,11.660
0.920,55.770,55.610,0.510,322777.000,56.490,54.760
1.080,54.470,54.000,0.580,10609198.000,54.685,53.910
4.590,35.510,34.080,1.560,84643.000,35.720,34.080
0.400,10.140,10.140,0.040,38339.000,10.260,10.060
0.510,26.825,26.820,0.135,3455638.000,26.995,26.700
0.780,17.990,17.870,0.140,1649974.000,18.230,17.760
1.200,23.680,23.590,0.280,1013302.000,23.780,23.530
3.090,7.670,7.500,0.230,73093.000,7.675,7.430
0.880,9.130,9.020,0.080,118759.000,9.200,9.010
1.050,4.820,4.810,0.050,452509.000,4.860,4.750
1.580,28.860,28.560,0.450,157171.000,28.900,28.540
1.500,28.725,28.470,0.425,2074694.000,28.900,28.240
1.470,66.400,65.690,0.960,272285.000,66.940,65.590
6.840,2.500,2.380,0.160,17061775.000,2.560,2.340
1.960,48.830,47.970,0.940,1392070.000,48.900,47.470
1.800,56.130,55.530,0.990,105478.000,56.400,55.110
0.080,12.430,12.450,0.010,453637.000,12.620,12.380
1.200,19.460,19.350,0.230,5572564.000,19.610,19.340
1.100,56.900,56.580,0.620,2935487.000,57.390,56.460
1.660,47.290,46.750,0.770,1435588.000,47.500,46.650
1.500,39.260,38.960,0.580,1014668.000,39.330,38.680
0.540,37.380,37.240,0.200,501477.000,37.710,37.035
7.340,1.170,1.060,0.080,646741.000,1.210,1.060
-0.400,69.000,69.770,-0.280,1466175.000,70.160,68.920
1.500,79.670,78.940,1.180,732905.000,80.000,78.590
5.360,55.355,56.650,2.815,77724320.000,56.680,54.210
1.410,10.760,10.630,0.150,358707.000,10.775,10.470
2.890,10.340,10.110,0.290,695948.000,10.355,10.060
-0.970,20.370,20.710,-0.200,104170.000,20.830,20.370
0.700,43.020,42.940,0.300,168451.000,43.320,42.910
1.230,32.470,32.190,0.395,24503975.000,32.750,32.060
2.020,75.620,74.360,1.500,201815.000,76.400,74.360
0.770,22.250,22.150,0.170,114740.000,22.640,22.090
2.170,51.860,51.000,1.100,141010.000,51.980,50.860
2.180,109.430,107.880,2.330,8205751.000,109.750,107.760
2.440,23.920,23.420,0.570,39875.000,24.000,23.420
0.530,30.310,30.460,0.160,6682.000,30.520,30.180
2.590,9.100,8.870,0.230,86502.000,9.160,8.865
1.750,30.770,30.390,0.530,66149.000,30.890,30.200
0.150,82.570,82.750,0.120,238732.000,83.560,81.990
0.980,9.310,9.250,0.090,261545.000,9.380,9.230
-0.570,3.510,3.550,-0.020,2467736.000,3.640,3.390
4.210,111.000,105.140,4.480,1187945.000,111.970,105.140
1.160,11.300,11.210,0.130,39994.000,11.350,10.990
1.400,62.360,62.010,0.860,1955628.000,63.310,61.820
1.970,25.360,24.990,0.490,141095.000,25.500,24.980
-0.640,23.250,21.360,-0.150,1485423.000,23.630,21.130
1.600,32.290,31.920,0.510,558667.000,32.350,31.780
3.320,23.010,22.490,0.740,3459630.000,23.080,22.410
-2.040,6.720,6.880,-0.140,196087.000,7.050,6.700
2.840,26.430,25.880,0.730,3011630.000,26.480,25.770
1.100,57.690,56.800,0.630,5136524.000,57.810,56.440
0.900,53.550,53.270,0.480,2199210.000,53.570,52.800
0.870,33.450,33.160,0.290,505865.000,33.890,33.100
0.100,387.290,386.950,0.390,18768761.000,390.060,383.900
0.880,10.330,10.240,0.090,21048.000,10.570,10.110
2.220,46.450,45.820,1.010,1127603.000,46.500,45.620
1.220,15.740,15.610,0.190,9045324.000,15.780,15.520
-1.170,5.890,5.940,-0.070,856997.000,6.000,5.810
2.920,12.680,12.340,0.360,595488.000,12.730,12.170
1.160,62.560,62.300,0.720,2004692.000,62.990,62.020
1.200,105.620,104.480,1.250,1267136.000,106.060,104.440
1.400,79.795,79.020,1.105,789448.000,80.330,79.020
1.170,111.600,111.050,1.290,9225075.000,112.430,110.120
0.700,14.340,14.240,0.100,10572.000,14.350,14.180
-0.350,31.570,31.800,-0.110,210537.000,32.090,31.240
1.340,6.060,6.010,0.080,14675.000,6.070,5.850
0.600,45.560,45.460,0.270,376617.000,46.010,45.250
0.020,61.900,62.230,0.010,1764069.000,62.510,61.610
0.530,26.530,26.470,0.140,3094674.000,26.590,26.370
2.610,18.450,18.110,0.470,363119.000,18.490,17.950
0.780,59.480,59.340,0.460,1503998.000,60.200,59.300
2.590,52.730,51.720,1.330,993304.000,52.950,51.010
1.310,53.155,52.660,0.685,2372226.000,53.640,52.570
2.170,10.830,10.680,0.230,483969.000,10.890,10.570
2.710,17.820,17.440,0.470,40210.000,17.850,17.320
1.860,61.495,60.580,1.125,2495345.000,61.980,60.580
-0.710,47.450,47.980,-0.340,3555756.000,48.120,47.370
3.230,18.510,18.020,0.580,2117747.000,18.720,17.830
-1.280,52.430,51.790,-0.680,8085606.000,52.560,51.160
0.950,24.530,24.420,0.230,138749.000,24.755,24.310
1.000,6.060,6.030,0.060,32662.000,6.060,5.960
4.610,125.150,121.340,5.510,3427006.000,125.390,120.710
1.210,84.810,84.460,1.010,7047.000,84.810,83.080
0.280,68.710,68.710,0.190,541982.000,69.670,68.590
1.380,24.900,24.580,0.340,322049.000,24.930,24.580
-5.120,37.470,39.640,-2.020,2347196.000,39.640,37.020
1.750,83.610,82.410,1.440,486447.000,84.130,82.320
-0.320,22.120,22.220,-0.070,125841.000,22.360,22.040
7.710,43.290,42.180,3.100,1613250.000,44.180,41.251
-4.990,31.060,31.770,-1.630,4932701.000,32.020,30.690
14.430,63.830,65.870,8.050,70978026.000,66.380,62.320
1.750,187.720,184.750,3.220,728645.000,188.580,184.750
-0.650,59.180,59.780,-0.390,1800028.000,60.050,59.030
0.710,89.980,91.550,0.630,1423828.000,91.650,89.760
1.390,9.500,9.430,0.130,43710.000,9.570,9.420
1.660,118.280,116.690,1.930,35961.000,118.840,116.690
-0.770,61.850,62.260,-0.480,880545.000,62.550,61.700
2.210,51.390,51.010,1.110,1408274.000,52.040,50.190
1.360,19.350,19.210,0.260,1551628.000,19.380,19.120
-1.710,14.360,14.710,-0.250,149750.000,14.710,14.290
2.110,188.110,185.830,3.890,13199.000,188.550,185.530
2.960,14.240,13.830,0.410,4180914.000,14.340,13.690
-0.810,58.630,59.610,-0.480,1502819.000,60.220,58.410
1.740,46.180,45.690,0.790,17385951.000,46.710,45.510
1.010,54.810,54.590,0.550,5342394.000,55.400,54.390
0.540,16.610,16.530,0.090,1683668.000,16.710,16.340
-1.130,17.570,17.800,-0.200,219933.000,17.870,17.510
2.150,16.600,16.280,0.350,58151.000,16.650,16.200
1.020,24.680,24.460,0.250,5867652.000,25.170,24.190
1.360,3.740,3.690,0.050,369026.000,3.760,3.630
0.400,7.450,7.440,0.030,480745.000,7.570,7.350
1.730,16.500,16.250,0.280,5554888.000,16.530,16.210
-0.050,76.220,76.910,-0.040,2263432.000,78.250,75.500
1.960,53.610,52.930,1.030,842314.000,53.920,52.750
0.970,93.080,92.690,0.890,1982237.000,94.070,92.330
1.110,24.660,24.520,0.270,1305354.000,25.000,24.500
0.810,13.710,13.690,0.110,764470.000,14.000,13.540
-1.140,37.330,37.770,-0.430,75105.000,38.800,37.180
2.380,10.330,10.200,0.240,1197998.000,10.350,10.030
-5.700,1.490,1.580,-0.090,2515746.000,1.620,1.480
1.490,125.195,123.460,1.835,811357.000,125.250,123.010
0.200,50.460,50.390,0.100,1472314.000,50.460,50.350
4.570,10.300,9.920,0.450,188108.000,10.355,9.720
-0.020,295.520,296.360,-0.070,293562.000,297.220,294.770
1.540,12.490,12.330,0.190,30527.000,12.570,12.330
-0.400,36.930,37.340,-0.150,37472.000,37.500,36.560
0.670,66.600,66.350,0.440,256301.000,67.270,66.330
1.140,93.190,92.610,1.050,139487.000,93.700,92.320
0.580,10.400,10.370,0.060,3975756.000,10.595,10.330
2.160,4.250,4.130,0.090,86969.000,4.250,4.110
2.750,27.660,27.060,0.740,743289.000,27.680,27.010
0.710,54.280,54.180,0.380,35897.000,54.620,53.900
2.420,56.730,55.720,1.340,2346815.000,57.210,55.150
5.710,65.500,63.250,3.540,241361.000,65.980,62.620
4.200,60.220,57.760,2.430,2851692.000,60.900,57.760
1.250,31.610,31.290,0.390,11625140.000,31.800,30.760
-1.640,6.010,6.130,-0.100,109711.000,6.130,5.950
2.940,23.450,22.900,0.670,1175865.000,23.660,22.855
2.290,17.400,17.100,0.390,510921.000,17.420,17.020
3.660,22.640,22.120,0.800,5256434.000,22.710,22.060
-0.810,25.810,26.170,-0.210,169670.000,26.620,25.710
3.700,8.120,7.870,0.290,112654.000,8.130,7.750
0.200,44.620,44.740,0.090,113703.000,45.340,44.450
1.380,42.985,42.400,0.585,2454884.000,43.220,41.880
1.100,22.970,22.800,0.250,523270.000,23.090,22.750
-16.830,14.130,14.600,-2.860,44920834.000,14.690,13.990
0.940,73.130,73.040,0.680,471118.000,73.700,72.430
1.700,17.910,17.750,0.300,23880.000,17.999,17.430
1.680,55.100,54.450,0.910,55503.000,55.670,54.450
3.980,21.690,20.990,0.830,122302.000,21.730,20.950
-0.520,44.310,44.610,-0.230,234671.000,44.610,43.110
1.800,33.450,32.960,0.590,1786567.000,33.580,32.731
1.940,4.210,4.150,0.080,633349.000,4.400,4.140
2.060,85.020,83.860,1.720,20885408.000,85.240,83.750
3.320,23.050,22.400,0.740,313197.000,23.170,22.330
1.910,25.650,25.220,0.480,1096327.000,25.670,25.220
1.310,42.650,42.290,0.550,61178.000,42.920,41.690
1.490,39.380,38.940,0.580,45837.000,39.500,38.670
2.050,19.930,19.660,0.400,286203.000,20.130,19.650
1.700,14.370,14.230,0.240,2673221.000,14.430,14.180
-0.910,52.005,52.600,-0.475,7558171.000,52.990,51.890
0.220,4.470,4.480,0.010,87421.000,4.580,4.410
1.430,3.550,3.510,0.050,113855.000,3.688,3.500
1.210,58.750,58.920,0.700,501740.000,59.590,58.610
8.130,27.120,23.540,2.040,1140806.000,27.750,23.540
1.300,21.090,20.930,0.270,259584.000,21.250,20.800
0.170,29.410,29.320,0.050,2696890.000,29.590,28.970
0.210,24.180,24.220,0.050,291444.000,24.320,24.100
4.580,104.400,101.990,4.570,5435137.000,104.990,101.610
1.250,55.080,54.410,0.680,31040.000,55.160,54.130
-0.170,5.890,5.930,-0.010,246130.000,6.030,5.870
0.920,36.200,35.940,0.330,3605387.000,36.430,35.500
1.290,77.730,77.100,0.990,59827.000,78.310,76.610
0.130,27.095,27.040,0.035,81103822.000,27.310,26.650
1.970,33.345,32.810,0.645,3969262.000,33.530,32.580
1.090,57.650,57.300,0.620,474163.000,58.970,57.190
1.270,37.360,36.960,0.470,1535568.000,37.620,36.360
1.290,85.830,85.000,1.090,221844.000,86.010,84.820
2.490,23.080,22.750,0.560,58041.000,23.160,22.650
1.720,95.870,95.010,1.620,3347660.000,96.090,94.500
3.060,7.410,7.240,0.220,5888061.000,7.420,7.210
1.190,0.860,0.860,0.010,176901.000,0.904,0.850
1.200,74.400,73.840,0.880,4600760.000,74.990,73.770
-3.850,1.750,1.820,-0.070,439254.000,1.820,1.750
3.060,8.760,8.580,0.260,137130.000,8.780,8.540
-1.450,6.780,6.940,-0.100,291745.000,7.070,6.730
3.520,32.080,31.200,1.090,629434.000,32.100,30.950
1.470,94.470,93.620,1.370,389967.000,95.000,93.340
0.740,19.110,19.000,0.140,72532.000,19.170,18.930
0.120,24.420,24.460,0.030,975320.000,24.600,24.330
-0.600,13.320,13.420,-0.080,135295.000,13.460,13.270
0.980,40.380,40.160,0.390,41052.000,40.500,39.520
0.810,9.910,9.850,0.080,192056.000,10.010,9.760
5.290,14.320,13.890,0.720,1737.000,14.350,13.890
1.130,12.480,12.360,0.140,389402.000,12.700,12.170
4.400,40.320,39.140,1.700,53393201.000,40.380,39.060
3.180,103.350,101.020,3.190,707999.000,103.770,101.010
2.930,8.790,8.590,0.250,47980.000,8.800,8.520
1.620,33.330,32.990,0.530,264749.000,33.360,32.860
1.860,7.660,7.580,0.140,537766.000,7.730,7.500
0.720,44.990,44.830,0.320,658840.000,45.550,44.610
1.030,45.990,46.180,0.470,7105037.000,46.970,44.800
-5.600,1.180,1.220,-0.070,1193260.000,1.220,1.080
4.080,51.030,49.540,2.000,115146.000,51.290,48.350
2.140,50.295,49.510,1.055,1154008.000,50.500,49.280
0.650,41.750,41.540,0.270,62501.000,41.890,41.430
-0.810,1.220,1.200,-0.010,58187.000,1.220,1.160
-1.220,9.710,9.850,-0.120,193206.000,10.000,9.640
2.340,37.640,36.970,0.860,143956.000,37.690,36.960
4.470,11.920,11.510,0.510,14323.000,11.920,11.160
0.630,16.090,16.030,0.100,1934499.000,16.500,16.000
3.450,16.480,16.240,0.550,52571721.000,16.650,16.210
2.140,7.650,7.540,0.160,2018311.000,7.710,7.510
0.530,16.950,16.930,0.090,232232.000,17.380,16.880
0.730,310.520,309.940,2.250,825174.000,314.930,308.590
0.560,5.430,5.430,0.030,976051.000,5.510,5.420
0.730,50.155,49.990,0.365,2670741.000,50.535,49.635
-0.140,7.330,7.330,-0.010,81320.000,7.400,7.170
2.500,2.460,2.410,0.060,285714.000,2.460,2.390
0.260,26.830,26.950,0.070,452049.000,26.990,26.610
1.550,74.130,73.700,1.130,1615888.000,74.680,73.400
1.370,19.240,19.000,0.260,47069.000,19.320,19.000
4.770,32.290,31.000,1.470,546611.000,32.520,30.910
0.210,67.780,67.960,0.140,370156.000,68.440,67.520
1.290,24.250,23.870,0.310,8088.000,24.560,23.870
0.170,30.280,30.460,0.050,36781146.000,30.740,30.240
3.810,25.350,25.240,0.930,1801168.000,25.640,25.100
-0.500,23.890,24.040,-0.120,8657656.000,24.130,23.770
0.810,60.660,60.670,0.490,998315.000,61.420,60.180
0.000,0.700,0.690,0.000,589674.000,0.719,0.690
3.510,40.740,39.690,1.380,13418417.000,40.870,39.670
0.680,16.360,16.400,0.110,1703951.000,16.460,16.255
0.680,184.900,183.590,1.250,4871345.000,185.500,182.900
0.470,15.010,14.960,0.070,13444.000,15.060,14.920
1.250,37.190,36.850,0.460,131226.000,37.350,36.390
0.550,9.180,9.200,0.050,912802.000,9.280,9.140
0.580,47.010,46.590,0.270,156112.000,47.100,46.500
1.350,38.950,38.580,0.520,112023.000,39.016,38.480
1.250,81.810,81.270,1.010,779029.000,82.310,80.730
0.220,18.430,18.440,0.040,149982.000,18.550,18.200
0.560,32.380,32.350,0.180,293919.000,32.550,32.210
0.990,64.120,63.910,0.630,203253.000,64.160,63.490
1.190,42.590,42.290,0.500,176055.000,42.850,41.820
0.680,69.340,68.820,0.470,11024584.000,69.620,68.500
2.320,48.980,48.000,1.110,14020.000,48.980,47.898
0.670,16.570,16.540,0.110,211597.000,16.760,16.402
3.000,56.930,55.550,1.660,19165703.000,57.000,55.420
1.910,17.600,17.390,0.330,178497.000,17.710,17.250
3.480,3.870,3.770,0.130,102923.000,3.910,3.720
2.150,9.500,9.320,0.200,628421.000,9.510,9.150
0.990,20.450,20.300,0.200,211425.000,20.500,20.260
3.330,27.010,26.360,0.870,21257797.000,27.170,26.330
1.790,15.910,15.700,0.280,93201.000,15.940,15.500
2.640,69.910,68.380,1.800,1071903.000,70.070,68.000
1.890,17.780,17.550,0.330,62075.000,17.990,17.421
2.210,23.110,22.810,0.500,716462.000,23.350,22.740
0.600,40.040,40.080,0.240,1203224.000,40.670,39.950
1.660,44.220,43.700,0.720,426756.000,44.610,43.530
-1.280,19.300,19.590,-0.250,158726.000,19.630,19.150
-0.420,83.090,83.910,-0.350,1638281.000,84.120,82.780
0.000,26.550,26.630,0.000,123752.000,26.790,26.400
1.350,17.310,17.140,0.230,184647.000,17.360,16.980
9.330,1.640,1.500,0.140,11839386.000,1.970,1.500
2.880,46.400,45.550,1.300,4169905.000,46.475,45.230
1.580,48.270,47.650,0.750,1244409.000,48.400,47.650
1.350,23.705,23.560,0.315,3288187.000,23.850,23.480
1.580,4.490,4.450,0.070,548869.000,4.550,4.427
-0.430,16.150,16.230,-0.070,452348.000,16.310,15.990
1.030,42.050,41.640,0.430,97101.000,42.100,41.640
1.730,22.390,22.130,0.380,177219.000,22.550,21.980
1.030,81.520,80.870,0.830,1729544.000,82.120,80.670
0.280,36.080,36.140,0.100,180919.000,36.370,35.550
7.210,11.450,10.790,0.770,10562.000,11.460,10.790
3.440,24.660,24.070,0.820,41495.000,24.730,23.890
2.420,2.120,2.070,0.050,247691.000,2.130,2.070
4.800,27.920,26.740,1.280,21554671.000,28.180,26.450
0.350,8.580,8.600,0.030,315166.000,8.662,8.550
-1.560,2.520,2.570,-0.040,16151264.000,2.630,2.510
3.040,20.350,19.890,0.600,54058.000,20.370,19.850
1.040,1.950,1.960,0.020,14785.000,1.960,1.920
-0.490,6.120,6.200,-0.030,45888.000,6.200,6.080
4.030,13.160,12.670,0.510,536084.000,13.210,12.610
2.260,82.300,81.180,1.820,5249335.000,82.659,80.600
1.370,92.600,91.360,1.250,282393.000,93.530,91.360
2.760,26.830,26.330,0.720,2486049.000,27.180,26.310
0.860,8.230,8.230,0.070,1695234.000,8.300,8.160
1.620,96.550,95.290,1.540,890854.000,97.750,95.120
0.000,18.980,19.050,0.000,237322.000,19.050,18.500
0.980,40.390,40.210,0.390,809716.000,40.480,39.870
2.120,12.050,11.850,0.250,28847.000,12.250,11.850
2.290,75.490,73.820,1.690,22756.000,75.770,73.820
1.410,45.880,45.530,0.640,433126.000,45.950,45.170
3.150,24.870,24.310,0.760,202761.000,25.060,23.830
1.810,62.860,62.070,1.120,208701.000,62.945,61.829
2.090,40.630,40.020,0.830,5228358.000,40.820,39.750
2.540,46.390,45.480,1.150,237475.000,46.500,45.010
1.510,19.460,19.280,0.290,726744.000,19.730,19.170
2.310,16.800,16.510,0.380,4305239.000,17.000,16.480
1.860,23.570,23.290,0.430,160706.000,23.760,23.259
3.300,27.520,26.700,0.880,5494.000,27.520,26.700
2.080,9.820,9.650,0.200,161020.000,9.890,9.610
-0.170,35.450,35.760,-0.060,268126.000,35.760,35.075
5.210,28.460,28.650,1.410,515132.000,28.650,27.840
0.000,20.970,21.000,0.000,794643.000,21.190,20.850
1.470,13.790,13.620,0.200,197581.000,13.930,13.410
2.230,18.320,18.060,0.400,37205.000,18.380,17.930
4.920,27.740,26.680,1.300,47836.000,27.760,26.410
0.340,53.620,53.720,0.180,305518.000,53.720,53.400
0.550,38.740,38.620,0.210,2480994.000,38.990,38.520
1.350,38.270,38.020,0.510,4644766.000,38.440,37.940
3.150,42.950,41.950,1.310,1112308.000,43.015,41.730
1.140,47.890,47.450,0.540,4430849.000,48.250,47.400
3.250,42.290,41.570,1.330,45445135.000,42.550,41.230
0.440,33.930,33.950,0.150,416066.000,34.650,33.800
0.600,35.470,35.400,0.210,11775718.000,35.570,35.300
2.320,3.970,3.930,0.090,268422.000,4.020,3.870
6.130,1.730,1.640,0.100,238365.000,1.740,1.640
1.980,36.090,35.620,0.700,238692.000,36.390,35.590
1.270,7.190,7.140,0.090,76500.000,7.190,7.045
4.700,14.700,14.060,0.660,28570746.000,14.800,13.850
-0.390,93.040,94.500,-0.360,1958722.000,95.190,92.500
-0.570,8.770,8.830,-0.050,75125.000,8.870,8.710
2.030,24.580,24.210,0.490,14878039.000,24.805,24.180
0.870,3.460,3.500,0.030,72578.000,3.530,3.420
1.960,17.730,17.440,0.340,1636130.000,17.870,17.370
0.770,26.260,26.160,0.200,997637.000,26.440,26.130
3.060,100.000,97.470,2.970,20775.000,100.440,96.340
2.770,5.930,5.870,0.160,947530.000,5.990,5.800
1.500,21.690,21.560,0.320,129138.000,21.940,21.236
1.840,20.430,20.240,0.370,1611908.000,20.580,20.170
0.980,4.130,4.100,0.040,255907.000,4.140,4.060
2.300,4.900,4.830,0.110,128608.000,4.979,4.820
0.590,7.645,7.690,0.045,82128574.000,7.750,7.490
1.680,15.770,15.590,0.260,18735666.000,15.800,15.480
3.970,17.010,16.390,0.650,37324.000,17.050,16.390
1.220,83.840,83.420,1.010,944008.000,84.340,82.940
-1.050,35.760,36.350,-0.380,289023.000,36.440,35.700
0.320,40.550,40.500,0.130,21360.000,40.730,40.435
0.480,30.045,29.470,0.145,4308931.000,30.600,29.261
8.590,11.500,10.850,0.910,72758.000,11.670,10.770
0.910,397.990,397.390,3.600,3080.000,399.620,393.430
1.360,13.400,12.740,0.180,3960635.000,13.440,12.550
1.330,70.040,69.520,0.920,292901.000,70.290,69.200
1.100,7.795,7.750,0.085,6462392.000,7.830,7.730
0.450,20.310,20.250,0.090,71912.000,20.370,20.010
0.360,19.460,19.540,0.070,565632.000,19.620,19.380
1.040,62.880,62.500,0.650,153643.000,63.030,62.270
3.160,33.280,33.420,1.020,1212876.000,34.010,32.700
2.110,6.290,6.190,0.130,183378.000,6.300,6.110
0.240,41.570,41.140,0.100,10555628.000,41.877,40.440
0.720,56.330,56.050,0.400,1956959.000,56.780,55.980
1.190,69.770,69.130,0.820,1111407.000,70.085,69.060
1.910,107.480,106.160,2.010,75647.000,107.620,105.960
1.780,30.940,30.490,0.540,70168.000,31.000,30.210
0.450,11.100,11.100,0.050,1465974.000,11.290,11.080
1.610,51.285,49.880,0.815,2713519.000,51.490,49.001
0.070,28.860,29.070,0.020,884778.000,29.070,28.840
2.600,53.220,52.070,1.350,506416.000,53.250,51.975
0.800,33.435,33.760,0.265,26551854.000,34.990,33.340
-1.090,213.210,216.740,-2.340,4540760.000,217.090,211.070
2.560,50.820,49.690,1.270,2547307.000,50.990,49.580
1.170,30.595,30.310,0.355,2156567.000,30.730,29.820
3.020,21.500,21.040,0.630,14976.000,21.500,20.890
3.860,10.230,10.030,0.380,226890166.000,10.280,10.000
1.500,44.520,43.860,0.660,89404.000,44.570,43.780
2.800,40.040,39.160,1.090,107846.000,40.070,38.430
3.160,11.750,11.430,0.360,76453.000,11.760,11.410
-1.990,275.810,281.500,-5.590,3236662.000,284.780,275.111
-1.040,55.340,55.940,-0.580,18477331.000,56.680,54.770
-4.810,32.620,33.550,-1.650,459346.000,33.910,32.260
3.830,64.440,62.380,2.380,1489957.000,64.520,62.180
2.410,8.070,7.930,0.190,541071.000,8.200,7.900
2.690,25.240,24.750,0.660,497997.000,25.470,24.690
3.930,20.870,20.230,0.790,9716095.000,21.010,20.230
1.440,35.240,34.870,0.500,43700.000,35.300,34.810
1.370,20.030,19.870,0.270,383259.000,20.120,19.850
4.480,11.190,10.740,0.480,1033995.000,11.260,10.740
1.900,9.140,9.510,0.170,5362390.000,9.730,9.100
-3.550,15.500,16.260,-0.570,537325.000,16.270,15.470
-1.170,5.900,5.970,-0.070,2890395.000,6.070,5.890
0.780,34.760,34.650,0.270,1669543.000,35.160,34.640
0.940,71.860,71.740,0.670,1620653.000,72.600,71.060
0.260,15.610,15.660,0.040,723889.000,15.810,15.400
2.220,32.710,32.190,0.710,720585.000,32.780,32.020
0.550,9.090,9.100,0.050,1189154.000,9.150,9.020
1.690,13.270,13.120,0.220,838578.000,13.450,13.060
7.910,5.460,5.100,0.400,1582981.000,5.630,5.080
1.510,44.270,43.670,0.660,606996.000,44.270,43.330
3.640,32.490,31.670,1.140,2327911.000,32.530,31.550
1.500,16.190,15.970,0.240,63178.000,16.200,15.970
1.480,17.120,17.000,0.250,181299.000,17.135,16.760
0.020,40.810,40.970,0.010,455154.000,41.120,40.800
2.470,67.180,66.160,1.620,1177824.000,67.620,66.010
1.500,18.260,17.990,0.270,163925.000,18.350,17.890
1.540,26.440,26.260,0.400,6091927.000,26.490,26.045
0.810,11.220,11.150,0.090,676063.000,11.310,11.090
2.260,1.360,1.340,0.030,953588.000,1.360,1.320
0.890,72.230,71.770,0.640,463239.000,72.356,71.670
0.410,17.150,17.150,0.070,4025181.000,17.390,17.030
1.020,51.500,51.370,0.520,253326.000,51.750,51.010
-2.080,11.310,11.560,-0.240,301530.000,11.560,11.020
0.200,142.780,143.250,0.280,278054.000,144.250,142.340
0.900,91.960,91.250,0.820,43394.000,91.960,91.050
2.330,71.570,70.260,1.630,1822379.000,71.920,70.070
-8.350,41.030,41.800,-3.740,16160852.000,42.250,40.560
0.390,22.880,23.010,0.090,1915622.000,23.320,22.860
1.380,20.540,20.350,0.280,222745.000,20.580,20.280
-4.070,41.290,43.050,-1.750,2525594.000,43.090,41.220
2.210,18.990,18.770,0.410,2540283.000,19.190,18.591
1.850,12.925,12.640,0.235,14267711.000,12.990,12.580
1.630,23.640,23.490,0.380,3379987.000,23.790,23.490
1.180,23.140,23.000,0.270,60524.000,23.160,22.750
1.930,26.880,26.500,0.510,553469.000,26.970,26.380
2.220,11.050,10.860,0.240,931952.000,11.170,10.780
-0.300,16.730,16.860,-0.050,1397270.000,16.970,16.670
0.800,39.260,39.000,0.310,125656.000,39.470,38.630
0.260,37.950,38.090,0.100,416451.000,38.760,37.790
2.930,36.500,35.550,1.040,1107464.000,36.600,35.490
0.220,18.300,18.280,0.040,507836.000,18.490,18.230
1.370,29.560,29.220,0.400,6379691.000,30.030,29.170
0.640,4.700,4.690,0.030,55528.000,4.700,4.660
1.930,21.170,20.900,0.400,227724.000,21.360,20.820
0.350,34.120,34.220,0.120,177422.000,34.620,33.671
-0.100,28.600,28.730,-0.030,36670.000,29.130,27.920
-1.080,26.550,26.940,-0.290,463661.000,27.460,26.450
-0.800,68.320,69.080,-0.550,482869.000,69.080,67.710
2.690,1.910,1.880,0.050,638717.000,1.910,1.820
1.220,18.210,18.060,0.220,196344.000,18.230,17.980
1.170,29.865,29.680,0.345,2938117.000,30.146,29.530
1.300,33.540,33.200,0.430,87456.000,33.640,33.080
2.150,81.570,80.240,1.720,284113.000,81.790,79.880
-0.100,20.110,20.300,-0.020,726931.000,20.490,19.940
2.430,36.320,35.740,0.860,8228397.000,36.570,35.730
-2.500,15.220,15.680,-0.390,5260145.000,15.680,15.200
2.490,39.050,38.230,0.950,168516.000,39.180,38.090
1.270,67.020,66.500,0.840,273.000,67.020,66.500
0.600,21.750,21.760,0.130,457618.000,22.000,21.660
1.390,18.280,18.100,0.250,229485.000,18.320,18.100
0.930,70.510,70.380,0.650,483805.000,71.281,70.040
1.500,54.280,53.810,0.800,26891.000,54.340,53.730
2.370,74.515,73.230,1.725,551283.000,74.570,73.040
15.300,29.770,28.950,3.950,6680398.000,30.160,28.490
1.240,47.530,47.110,0.580,129953.000,48.030,46.950
1.100,112.810,112.150,1.230,127850.000,114.090,111.274
2.500,5.340,5.250,0.130,96151.000,5.350,5.170
1.220,11.630,11.520,0.140,34490.000,11.730,11.450
2.890,7.120,6.920,0.200,572056.000,7.120,6.900
2.060,21.830,21.390,0.440,12533.000,21.900,21.240
10.160,5.640,5.180,0.520,21750.000,5.730,5.180
2.020,18.670,18.430,0.370,3246347.000,18.690,18.290
-1.470,0.670,0.669,-0.010,271980.000,0.690,0.669
2.230,163.760,161.310,3.580,1833447.000,164.500,160.280
1.690,62.660,62.570,1.040,1659491.000,63.240,62.010
2.210,9.700,9.540,0.210,1676555.000,9.900,9.485
-0.220,13.690,13.800,-0.030,426308.000,13.990,13.560
1.390,12.360,12.250,0.170,84724.000,12.440,12.125
0.990,68.340,67.900,0.670,92958.000,68.670,67.690
2.050,43.320,42.810,0.870,1035552.000,43.380,42.380
1.790,91.430,90.060,1.610,50282.000,91.800,89.170
0.180,22.720,22.740,0.040,52565.000,22.900,22.150
4.630,21.910,21.080,0.970,1434525.000,21.950,21.000
0.860,7.010,6.980,0.060,316762.000,7.070,6.880
-0.870,20.540,20.740,-0.180,774038.000,20.930,20.530
1.440,72.700,72.150,1.030,229694.000,73.110,71.800
6.790,18.560,17.520,1.180,539227.000,18.780,17.350
6.410,39.840,37.710,2.400,1041256.000,39.900,37.570
1.380,40.380,40.040,0.550,6191222.000,40.600,39.740
1.780,108.080,107.190,1.890,4702926.000,109.080,106.920
3.320,20.850,20.340,0.670,7158672.000,20.940,20.320
3.850,1.350,1.300,0.050,8433456.000,1.380,1.270
0.530,5.670,5.690,0.030,27110.000,5.690,5.570
1.480,83.920,83.140,1.220,471939.000,84.170,82.460
1.660,36.180,35.840,0.590,11363339.000,36.480,35.720
-3.110,150.170,155.000,-4.820,10209501.000,155.500,149.630
1.500,29.820,29.580,0.440,3245150.000,29.860,29.380
2.560,62.050,60.760,1.550,1179865.000,62.150,60.630
1.270,30.250,30.000,0.380,246590.000,30.420,29.500
-3.070,0.300,0.309,-0.009,1582605.000,0.318,0.265
0.270,56.150,56.150,0.150,112742.000,56.500,55.830
1.590,20.420,19.950,0.320,38577.000,20.540,19.940
2.940,81.920,80.380,2.340,244053.000,82.120,80.170
-2.110,6.490,6.640,-0.140,12758346.000,6.640,6.372
0.730,35.700,35.630,0.260,126366.000,35.970,35.410
2.050,74.790,73.330,1.500,134220.000,74.910,72.000
2.840,13.400,13.120,0.370,69782.000,13.450,13.110
-1.880,73.875,75.200,-1.415,2750749.000,76.190,72.888
0.850,32.050,31.960,0.270,242716.000,32.100,31.840
3.140,25.640,25.130,0.780,2942097.000,25.810,24.990
3.020,9.560,9.320,0.280,109653.000,9.630,9.230
0.620,39.050,38.970,0.240,496110.000,39.660,38.810
1.010,20.100,20.010,0.200,44411712.000,20.200,19.980
3.510,42.440,41.730,1.440,416969.000,44.610,40.900
-0.070,44.010,44.040,-0.030,794644.000,44.080,43.990
1.600,38.830,38.300,0.610,1349669.000,39.300,38.220
1.820,7.260,7.170,0.130,283377.000,7.360,7.080
0.650,12.440,12.470,0.080,6019983.000,12.550,12.360
0.070,14.960,15.050,0.010,457480.000,15.120,14.870
0.260,11.360,11.380,0.030,1030060.000,11.540,11.290
0.090,21.480,21.510,0.020,149910.000,21.700,21.170
0.760,77.820,77.640,0.590,772531.000,79.180,77.640
0.960,26.310,26.100,0.250,288463.000,26.420,26.020
-2.340,17.110,17.480,-0.410,34750665.000,17.500,17.080
1.330,25.220,25.060,0.330,156996.000,25.290,24.910
2.360,81.480,80.070,1.880,349397.000,81.735,79.750
-0.440,43.220,43.610,-0.190,5487408.000,43.750,43.220
7.800,16.860,15.760,1.220,181519.000,16.920,15.760
0.650,3.110,3.110,0.020,353095.000,3.140,3.060
0.920,4.400,4.400,0.040,362686.000,4.510,4.360
1.370,39.555,39.380,0.535,1890669.000,39.940,39.160
3.090,24.350,23.790,0.730,63773.000,24.450,23.710
1.050,31.740,31.430,0.330,102575.000,31.810,31.130
-0.550,65.425,65.790,-0.365,836285.000,66.000,65.060
0.780,33.630,33.520,0.260,748166.000,34.000,33.370
1.260,24.150,24.000,0.300,23380.000,24.240,22.650
1.280,26.800,26.610,0.340,687534.000,26.850,26.580
4.230,12.080,11.680,0.490,61165.000,12.170,11.680
0.220,9.190,9.180,0.020,749642.000,9.190,9.170
1.350,17.300,17.130,0.230,2828018.000,17.430,17.090
3.290,25.730,25.180,0.820,6685159.000,25.920,25.130
1.250,31.700,31.550,0.390,3963637.000,32.100,31.540
5.820,6.000,5.910,0.330,12037.000,6.000,5.750
-0.600,49.750,50.150,-0.300,4616850.000,50.580,48.960
1.230,47.890,47.590,0.580,211284.000,48.390,47.220
1.760,28.870,28.430,0.500,58854.000,28.930,28.130
2.580,48.960,48.000,1.230,369426.000,49.004,47.830
0.900,55.485,55.330,0.495,5534272.000,55.920,55.020
4.040,20.870,20.090,0.810,1024179.000,20.960,20.080
4.390,1.190,1.150,0.050,267457.000,1.190,1.130
0.040,25.140,25.310,0.010,7543.000,25.310,24.840
2.130,32.170,31.600,0.670,2579102.000,32.620,31.600
1.040,34.000,33.800,0.350,157508.000,34.020,33.760
1.320,9.960,9.850,0.130,246277.000,9.990,9.800
0.390,129.700,129.300,0.510,317549.000,130.890,128.240
1.660,15.310,15.200,0.250,332797.000,15.440,15.110
4.160,92.860,90.000,3.710,1443803.000,93.000,89.640
2.690,36.230,35.340,0.950,17950785.000,36.370,34.920
-0.740,46.970,47.600,-0.350,719995.000,47.900,46.770
0.850,5.910,5.870,0.050,256595.000,5.970,5.860
4.090,413.735,397.900,16.265,899514.000,415.190,397.900
0.560,73.450,73.330,0.410,1920598.000,74.350,72.830
1.510,16.800,16.600,0.250,323481.000,16.850,16.471
1.380,31.680,31.400,0.430,1014513.000,31.930,31.340
0.200,48.910,49.250,0.100,886023.000,49.540,48.710
1.110,4.560,4.520,0.050,58334.000,4.580,4.420
-0.070,80.730,81.200,-0.060,319156.000,82.210,80.600
0.860,43.470,43.530,0.370,466704.000,43.610,42.800
0.470,4.300,4.280,0.020,230395.000,4.320,4.190
0.720,8.410,8.350,0.060,90853.000,8.450,8.000
2.230,19.680,19.360,0.430,44586.000,19.690,18.750
1.070,34.010,33.850,0.360,721183.000,34.350,33.540
1.600,33.710,31.930,0.530,10622463.000,33.780,31.810
1.850,34.610,34.150,0.630,214405.000,34.810,34.021
1.610,50.400,50.040,0.800,1751316.000,50.750,49.840
2.910,99.160,96.870,2.800,1179367.000,99.370,96.390
1.550,71.360,71.170,1.090,1408841.000,72.270,70.750
-2.740,2.840,2.930,-0.080,179265.000,2.940,2.820
1.490,45.660,45.340,0.670,2396398.000,46.000,45.090
3.270,33.780,32.820,1.070,28451.000,33.940,32.810
-0.150,26.400,26.550,-0.040,170652.000,26.750,26.190
0.940,52.580,52.230,0.490,10630869.000,53.280,51.920
0.050,38.270,38.240,0.020,17622096.000,38.270,38.230
1.930,51.170,50.470,0.970,1273054.000,51.837,50.330
1.410,9.370,9.300,0.130,237902.000,9.425,9.150
0.540,41.170,41.050,0.220,74838.000,41.720,40.980
0.820,13.590,13.500,0.110,30454716.000,13.625,13.360
1.560,61.950,61.440,0.950,613595.000,62.200,61.190
2.300,12.460,12.260,0.280,247482.000,12.500,12.220
1.360,95.410,94.510,1.280,1033543.000,95.670,94.100
-1.120,15.000,15.170,-0.170,81422.000,15.250,14.300
-0.810,4.900,4.940,-0.040,136653.000,4.950,4.860
0.290,54.500,54.600,0.160,4725991.000,54.846,54.090
2.860,20.150,19.800,0.560,627966.000,20.240,19.750
1.720,49.190,48.380,0.830,390168.000,49.710,48.210
-0.740,526.010,527.900,-3.940,986792.000,542.500,523.680
0.420,86.700,86.790,0.360,654800.000,87.780,86.590
1.550,46.630,46.110,0.710,80598.000,47.070,46.090
-2.800,35.820,36.870,-1.030,291366.000,37.340,35.250
0.970,13.590,13.710,0.130,3773800.000,13.900,13.510
0.020,80.100,80.090,0.020,1581960.000,80.260,80.050
9.090,56.770,53.000,4.730,3346913.000,57.730,52.780
0.240,8.460,8.450,0.020,500583.000,8.460,8.440
-0.220,40.620,40.770,-0.090,169158.000,40.950,40.280
-0.640,56.935,56.000,-0.365,24103352.000,57.250,55.870
2.330,55.310,54.310,1.260,2605330.000,55.630,54.310
