-1.360,11.600,11.700,-0.160,113557.000,11.700,11.460
1.100,21.140,20.950,0.230,161155.000,21.240,20.790
0.600,13.380,13.320,0.080,351760.000,13.390,13.080
-1.170,63.230,64.100,-0.750,288902.000,64.100,63.100
-0.320,6.250,6.290,-0.020,370912.000,6.310,6.210
0.560,34.370,34.250,0.190,1727764.000,34.450,33.930
-1.170,53.360,53.730,-0.630,252734.000,53.790,53.010
0.940,23.740,23.620,0.220,2455779.000,23.850,23.260
-0.640,34.250,34.430,-0.220,1131941.000,34.540,34.100
-1.560,20.800,21.120,-0.330,1774376.000,21.170,20.770
-0.920,50.740,50.860,-0.470,20225.000,51.450,50.240
-0.740,57.460,57.920,-0.430,972389.000,58.000,57.350
0.260,37.910,37.900,0.100,1991403.000,38.050,37.720
-1.340,17.610,17.880,-0.240,68695.000,17.890,17.400
-2.250,20.810,21.280,-0.480,7915.000,21.280,20.780
-0.430,18.460,18.550,-0.080,71667.000,18.550,18.420
2.120,40.960,40.200,0.850,662101.000,41.260,40.200
0.120,16.080,16.080,0.020,202816.000,16.170,15.910
0.560,3.600,3.580,0.020,864914.000,3.630,3.550
1.340,53.560,52.920,0.710,864643.000,53.610,52.230
-0.090,11.120,11.120,-0.010,47684.000,11.130,11.110
-1.120,4.430,4.500,-0.050,33984.000,4.570,4.430
-0.330,72.650,73.190,-0.240,2751232.000,73.190,72.240
-0.690,15.940,16.050,-0.110,13538.000,16.070,15.910
-1.920,10.230,10.430,-0.200,11212.000,10.430,10.140
-2.350,22.430,22.920,-0.540,8805.000,22.920,22.410
0.970,17.670,17.500,0.170,155338.000,17.900,17.450
-1.720,38.810,38.790,-0.680,128202.000,39.540,38.280
-1.210,11.420,11.540,-0.140,3745628.000,11.610,11.300
-0.630,19.040,19.430,-0.120,81255219.000,19.530,18.950
0.000,13.300,13.320,0.000,157931.000,13.340,13.210
-0.940,5.250,5.310,-0.050,178836.000,5.330,5.230
3.410,18.220,17.640,0.600,458871.000,18.350,17.640
0.530,57.260,56.960,0.300,440561.000,57.430,56.250
0.770,10.470,10.530,0.080,878624.000,10.750,10.000
1.010,54.250,53.690,0.540,532632.000,54.310,53.460
-0.310,31.860,31.960,-0.100,155319.000,32.050,31.640
-3.130,13.000,13.440,-0.420,1856005.000,13.510,12.990
-0.020,42.300,42.370,-0.010,4683157.000,42.790,41.830
0.380,66.720,66.690,0.250,7608135.000,66.790,66.490
0.420,9.570,9.520,0.040,391360.000,9.650,9.260
0.000,4.940,4.940,0.000,317652.000,5.010,4.891
0.000,87.900,87.800,0.000,173157.000,88.170,87.582
-0.060,85.300,85.250,-0.050,158810.000,85.410,85.250
0.400,67.720,67.330,0.270,93764.000,68.140,66.830
-0.220,17.800,17.760,-0.040,840012.000,17.918,17.760
-0.380,37.190,37.290,-0.140,88038.000,37.389,36.820
-0.130,15.850,15.810,-0.020,26447.000,15.880,15.460
3.130,31.270,30.410,0.950,8563662.000,31.620,30.330
0.870,72.110,71.380,0.620,7264868.000,72.260,71.300
-1.950,51.890,51.370,-1.030,3816219.000,52.380,51.370
1.870,8.700,8.540,0.160,52819.000,8.740,8.430
-0.540,25.670,25.820,-0.140,125799.000,25.859,25.610
1.750,7.570,7.450,0.130,845718.000,7.610,7.400
-3.020,8.360,8.630,-0.260,27033.000,8.630,8.360
0.390,5.090,5.080,0.020,1348512.000,5.150,5.040
0.000,13.610,13.650,0.000,729067.000,13.650,13.580
2.770,13.340,13.000,0.360,2480794.000,13.500,12.940
0.570,10.590,10.700,0.060,2366449.000,10.820,10.320
-0.370,64.250,64.460,-0.240,5987657.000,64.740,64.140
0.140,7.240,7.200,0.010,41078.000,7.360,7.190
-0.220,22.410,22.480,-0.050,1915816.000,22.630,22.260
0.790,84.350,83.550,0.660,1978518.000,84.520,83.080
1.370,9.650,9.500,0.130,543818.000,9.690,9.460
0.200,59.410,59.330,0.120,193169.000,59.530,58.920
0.510,84.930,84.550,0.430,332340.000,85.330,84.010
0.360,2.810,2.830,0.010,7369.000,2.850,2.810
0.000,1.290,1.300,0.000,294415.000,1.330,1.270
1.810,33.770,33.250,0.600,1385123.000,33.780,33.140
-0.680,93.680,94.420,-0.640,229066.000,94.420,93.500
-0.870,12.490,12.650,-0.110,839289.000,12.660,12.320
-0.710,11.220,11.320,-0.080,205881.000,11.330,11.160
1.780,65.050,64.120,1.135,1101555.000,65.070,63.870
0.580,89.080,88.680,0.510,973757.000,89.170,87.200
-2.210,36.740,37.010,-0.830,30065230.000,37.170,36.430
-0.080,39.100,39.020,-0.030,928937.000,39.500,38.940
0.820,28.200,27.790,0.230,5008192.000,28.310,27.710
-3.350,4.620,4.780,-0.160,320712.000,4.780,4.620
0.540,43.210,43.020,0.230,6198618.000,43.490,42.810
0.180,19.060,19.080,0.035,6788804.000,19.120,18.850
-0.320,24.810,24.890,-0.080,9517.000,24.890,24.500
1.590,44.780,43.950,0.700,1191183.000,45.000,43.510
-0.310,6.360,6.380,-0.020,321682.000,6.510,6.280
1.310,49.550,48.800,0.640,260098.000,49.690,48.610
-0.470,99.850,98.000,-0.470,1881273.000,101.000,97.560
0.600,22.770,22.660,0.135,4270274.000,22.840,22.530
-2.320,13.280,13.720,-0.315,6192370.000,13.720,13.250
-0.160,31.600,31.720,-0.050,487571.000,31.950,31.440
-2.560,38.500,39.320,-1.010,22426.000,39.390,38.370
1.440,41.560,41.060,0.590,168559.000,41.790,40.812
0.480,29.090,28.980,0.140,4608579.000,29.100,28.730
-1.240,23.870,24.240,-0.300,4851205.000,24.300,23.760
1.450,24.420,23.950,0.350,387946.000,24.590,23.820
0.430,30.140,30.130,0.130,356392.000,30.410,29.800
1.770,8.630,8.490,0.150,698429.000,8.700,8.400
0.130,7.600,7.530,0.010,2592298.000,7.660,7.440
0.590,11.990,11.900,0.070,6099460.000,12.050,11.860
-0.950,9.420,9.560,-0.090,1980992.000,9.560,9.350
-0.390,17.700,17.790,-0.070,45322.000,17.790,17.500
-0.920,108.990,110.000,-1.010,5571.000,110.000,108.440
1.670,23.760,23.400,0.390,89470.000,23.820,23.240
-1.860,1.580,1.580,-0.030,141035.000,1.620,1.500
9.360,7.010,6.440,0.600,12118327.000,7.110,6.340
2.600,44.260,43.030,1.120,1700763.000,44.450,42.970
-0.560,55.140,55.330,-0.310,46339.000,55.350,54.510
-0.480,33.350,33.560,-0.160,702213.000,33.600,33.235
-0.650,7.620,7.670,-0.050,60379.000,7.730,7.600
-0.560,44.390,44.610,-0.250,272594.000,44.640,44.300
-1.600,43.160,43.930,-0.700,868632.000,43.930,42.790
-1.830,3.210,3.250,-0.060,27485.000,3.280,3.190
0.520,17.510,17.450,0.090,233049.000,17.600,17.370
0.170,35.060,35.040,0.060,1741879.000,35.240,34.940
1.190,15.330,15.180,0.180,8263144.000,15.540,15.180
0.080,12.700,12.680,0.010,3568890.000,12.740,12.600
0.380,58.110,58.000,0.220,54112.000,58.360,57.420
0.470,53.320,52.960,0.250,1429001.000,53.320,52.790
6.080,30.690,28.500,1.760,5980581.000,31.120,28.400
-0.580,87.700,88.810,-0.510,3541943.000,88.910,87.670
-0.710,11.200,11.280,-0.080,13832.000,11.330,11.190
0.490,41.300,40.950,0.200,254070.000,41.420,40.850
1.270,11.920,11.760,0.150,1406803.000,12.070,11.690
2.790,7.925,7.660,0.215,18550.000,7.980,7.640
0.830,42.570,42.130,0.350,628999.000,42.670,41.980
-2.030,13.000,13.200,-0.270,101077.000,13.220,13.000
0.670,16.460,16.440,0.110,48186375.000,16.500,16.250
-0.470,54.880,55.310,-0.260,215655.000,55.610,54.210
-3.000,9.710,9.890,-0.300,4026269.000,9.950,9.630
2.360,101.200,99.760,2.330,4071348.000,102.450,99.570
-0.860,8.100,8.220,-0.070,8012477.000,8.250,8.030
1.410,15.800,15.530,0.220,22776941.000,15.980,15.530
-2.350,3.330,3.390,-0.080,489631.000,3.410,3.250
0.000,1.460,1.460,0.000,969750.000,1.480,1.450
-1.660,27.330,27.810,-0.460,45436.000,27.810,27.210
2.230,21.510,21.110,0.470,2445506.000,21.685,20.960
0.340,55.850,55.580,0.190,431733.000,56.260,55.300
-0.540,36.520,36.700,-0.200,7771524.000,36.820,36.370
-1.680,79.640,81.160,-1.360,1874461.000,81.400,79.470
1.250,51.940,51.390,0.640,153777.000,52.000,50.780
0.240,25.170,25.150,0.060,545133.000,25.400,25.060
-0.040,49.990,49.940,-0.020,581739.000,50.300,49.680
0.550,52.380,52.390,0.285,1200196.000,52.770,52.090
-2.770,17.870,18.410,-0.510,9495.000,18.410,17.820
0.060,17.610,17.600,0.010,138216.000,17.670,17.505
-4.880,1.170,1.230,-0.060,662520.000,1.230,1.160
2.330,88.560,88.500,2.020,11349832.000,89.570,88.440
-0.260,11.690,11.720,-0.030,536041.000,11.780,11.570
0.320,55.950,55.710,0.180,239475.000,56.360,55.110
0.090,54.520,54.580,0.050,6523746.000,54.720,54.250
-0.280,35.410,35.600,-0.100,40219.000,35.780,34.882
3.160,10.460,10.160,0.320,155382.000,10.480,10.160
0.690,27.010,26.830,0.185,2731273.000,27.090,26.750
-0.610,17.880,17.990,-0.110,1001658.000,17.990,17.750
-0.760,23.500,23.710,-0.180,638432.000,23.760,23.360
-3.000,7.440,7.650,-0.230,43610.000,7.650,7.390
0.000,9.130,9.160,0.000,76003.000,9.190,9.040
-1.660,4.740,4.820,-0.080,355301.000,4.850,4.740
-0.380,28.750,28.880,-0.110,97608.000,28.900,28.580
0.300,28.810,27.480,0.085,2163450.000,29.120,27.480
0.560,66.770,66.140,0.370,215997.000,66.890,65.810
0.000,2.500,2.510,0.000,6893883.000,2.530,2.380
0.230,48.940,48.570,0.110,1545387.000,48.990,47.720
-0.690,55.740,56.240,-0.390,83261.000,56.240,55.500
-1.770,12.210,12.430,-0.220,306277.000,12.430,12.120
1.030,19.660,19.470,0.200,5428979.000,19.850,19.470
0.180,57.000,57.070,0.100,1819151.000,57.101,56.340
0.110,47.340,47.140,0.050,888344.000,47.630,46.805
0.130,39.310,39.200,0.050,655037.000,39.380,39.000
1.950,38.110,37.300,0.730,584354.000,38.210,37.300
-1.710,1.150,1.127,-0.020,268729.000,1.170,1.110
1.590,70.100,69.030,1.100,2033904.000,70.110,68.600
0.410,80.000,79.820,0.330,537134.000,80.255,79.360
3.510,57.300,55.020,1.945,18096111.000,57.465,55.000
1.950,10.970,10.780,0.210,343523.000,10.990,10.720
0.100,10.350,10.330,0.010,224391.000,10.430,10.260
-1.080,20.150,20.400,-0.220,155448.000,20.400,19.901
-1.600,42.330,42.950,-0.690,151607.000,43.050,42.300
0.250,32.550,32.370,0.080,21296411.000,32.665,32.100
0.630,76.100,75.670,0.480,140425.000,76.240,75.001
0.000,22.250,22.330,0.000,61185.000,22.480,22.070
0.040,51.880,51.710,0.020,154080.000,51.910,51.360
-0.420,108.970,109.390,-0.460,5326317.000,109.660,108.820
-0.630,23.770,23.910,-0.150,24169.000,23.950,23.710
-0.730,30.090,30.440,-0.220,8873.000,30.500,30.000
-1.540,8.960,9.120,-0.140,117039.000,9.180,8.790
-0.880,30.500,30.770,-0.270,42380.000,30.770,30.220
0.760,83.200,82.420,0.630,217505.000,83.440,82.030
-0.320,9.280,9.330,-0.030,196381.000,9.340,9.240
1.990,3.580,3.520,0.070,913444.000,3.600,3.500
0.050,111.050,110.880,0.050,490619.000,111.710,109.390
-2.120,11.060,11.290,-0.240,23085.000,11.290,10.950
-0.160,62.260,61.510,-0.100,1649033.000,62.290,61.510
2.330,25.950,26.140,0.590,241328.000,26.140,25.450
0.220,23.300,23.310,0.050,958374.000,23.430,23.070
-1.020,31.960,32.170,-0.330,395151.000,32.290,31.890
0.170,23.050,23.030,0.040,1943051.000,23.100,22.920
2.980,6.920,6.740,0.200,231765.000,7.000,6.700
2.160,27.000,26.460,0.570,3625268.000,27.180,26.120
-0.160,57.600,57.900,-0.090,3353177.000,58.050,57.350
-0.500,53.280,53.630,-0.270,1028001.000,53.810,53.200
-0.690,33.220,33.450,-0.230,314975.000,33.900,32.210
1.550,393.300,388.320,6.010,18332814.000,395.050,387.750
-0.480,10.280,10.360,-0.050,21382.000,10.510,10.100
0.190,46.540,46.450,0.090,977512.000,46.720,46.230
0.000,15.740,15.770,0.000,5919223.000,15.770,15.500
5.090,6.190,5.880,0.300,1533800.000,6.250,5.870
-1.890,12.440,12.620,-0.240,1023457.000,12.690,12.060
3.020,64.450,63.740,1.890,4137061.000,65.060,63.400
-0.060,105.560,105.540,-0.060,1142906.000,106.050,104.890
0.800,80.430,79.710,0.635,864605.000,80.970,79.670
-5.780,105.150,104.620,-6.450,25582711.000,106.480,103.000
-1.120,14.180,14.340,-0.160,11716.000,14.340,14.130
1.010,31.890,31.550,0.320,171992.000,31.940,31.150
0.330,6.080,6.110,0.020,19887.000,6.130,6.010
0.500,45.790,45.620,0.230,201523.000,46.020,45.460
0.470,62.190,62.000,0.290,1336301.000,62.590,61.970
-0.040,26.520,26.500,-0.010,2904177.000,26.530,26.300
-0.540,18.350,18.400,-0.100,111855.000,18.460,18.220
0.370,59.700,59.490,0.220,1011393.000,59.890,59.370
-0.470,52.480,52.330,-0.250,582186.000,53.200,52.270
0.140,53.230,53.260,0.075,1655208.000,53.430,52.910
-1.750,10.640,10.810,-0.190,496900.000,10.810,10.530
-0.220,17.780,17.850,-0.040,17396.000,17.870,17.590
-0.510,61.180,61.660,-0.315,2289338.000,61.727,61.080
1.070,47.960,47.440,0.510,3173804.000,48.010,47.310
-0.760,18.370,18.510,-0.140,779856.000,18.600,18.170
-1.410,51.690,52.450,-0.740,3767096.000,52.500,51.360
-1.300,24.210,24.480,-0.320,163855.000,24.500,24.110
-0.830,6.010,6.070,-0.050,17772.000,6.070,5.990
5.240,131.710,124.850,6.560,3164138.000,132.080,124.510
-2.320,82.840,80.600,-1.970,30532.000,83.850,80.600
0.070,68.760,69.450,0.050,615059.000,69.450,68.601
-0.760,24.710,24.880,-0.190,181804.000,24.890,24.680
2.110,38.260,37.630,0.790,1889510.000,38.480,37.530
-0.850,82.900,83.170,-0.710,601459.000,83.440,82.020
-0.630,21.980,22.150,-0.140,193526.000,22.300,21.750
-0.760,42.960,43.300,-0.330,745704.000,43.360,42.560
-0.550,30.890,31.200,-0.170,1324898.000,31.240,30.765
3.340,65.960,62.810,2.130,15718075.000,66.050,62.330
0.110,187.920,188.210,0.200,572422.000,189.990,187.500
1.080,59.820,59.280,0.640,1306623.000,60.050,59.140
-1.160,88.940,90.000,-1.040,1434487.000,90.580,88.670
-0.630,9.440,9.500,-0.060,73076.000,9.730,9.410
-0.780,117.360,118.410,-0.920,62290.000,118.410,117.080
0.150,61.940,61.730,0.090,370745.000,62.140,61.320
-0.820,50.970,51.370,-0.420,740102.000,51.370,50.390
-0.520,19.250,19.350,-0.100,1214248.000,19.355,19.170
-1.390,14.160,14.360,-0.200,82130.000,14.360,14.070
-1.290,185.690,187.300,-2.420,2710.000,187.300,184.220
3.160,14.690,14.260,0.450,3178353.000,14.730,14.140
-7.500,54.230,53.360,-4.400,4205169.000,56.300,52.750
0.970,46.630,46.060,0.450,13532302.000,47.020,46.060
0.040,54.830,55.050,0.020,3682657.000,55.250,54.600
2.950,17.100,16.540,0.490,1602051.000,17.170,16.540
1.370,17.810,17.600,0.240,168702.000,17.880,17.580
-2.170,16.240,16.600,-0.360,36592.000,16.640,16.130
0.320,24.760,24.650,0.080,3360376.000,25.050,24.340
-1.070,3.700,3.730,-0.040,200590.000,3.730,3.650
-1.210,7.360,7.450,-0.090,475405.000,7.500,7.320
0.180,16.530,16.620,0.030,2579281.000,16.700,16.390
1.210,77.140,76.530,0.920,1220765.000,77.300,75.575
-1.420,52.850,53.570,-0.760,1032767.000,53.780,52.820
-0.310,92.790,93.260,-0.290,1633885.000,93.618,92.200
0.770,24.850,24.700,0.190,628207.000,24.960,24.350
0.800,13.820,13.720,0.110,606656.000,14.050,13.600
0.320,37.450,37.450,0.120,63599.000,37.750,37.330
6.870,11.040,10.340,0.710,2335611.000,11.160,10.290
-0.670,1.480,1.480,-0.010,1080964.000,1.530,1.460
-0.860,124.120,125.390,-1.075,1064634.000,126.140,123.870
0.930,50.930,50.570,0.470,4726624.000,50.990,50.550
-2.140,10.080,10.300,-0.220,94514.000,10.300,9.990
0.110,295.850,296.440,0.330,172464.000,296.610,295.120
-1.280,12.330,12.520,-0.160,70820.000,12.520,12.120
0.680,37.180,37.060,0.250,19803.000,37.360,36.710
0.480,66.920,66.590,0.320,198657.000,67.090,66.240
0.790,93.930,92.970,0.740,132990.000,94.500,92.540
-1.150,10.280,10.460,-0.120,9288943.000,10.460,10.120
-0.240,4.240,4.210,-0.010,27785.000,4.280,4.180
-0.400,27.550,27.670,-0.110,334340.000,27.690,27.364
-0.520,54.000,54.460,-0.280,12962.000,54.470,53.510
-0.390,56.510,56.860,-0.220,1352305.000,57.190,56.120
1.190,66.280,65.580,0.780,113736.000,66.530,65.401
0.170,60.320,60.340,0.100,1438675.000,60.780,59.990
0.540,31.780,31.300,0.170,9892285.000,31.940,31.270
3.000,6.190,6.020,0.180,93761.000,6.200,5.910
-1.880,23.010,23.370,-0.440,612355.000,23.410,22.970
0.000,17.400,17.410,0.000,196333.000,17.500,17.250
0.310,22.710,22.640,0.070,2295398.000,22.765,22.450
5.420,27.210,25.970,1.400,285313.000,27.338,25.880
8.620,8.820,9.840,0.700,549877.000,9.910,8.550
-0.220,44.520,44.370,-0.100,105945.000,44.840,44.110
2.620,44.110,42.970,1.125,2114074.000,44.410,42.940
-0.390,22.880,23.010,-0.090,612837.000,23.130,22.865
3.110,14.570,14.240,0.440,17809671.000,15.030,14.140
-0.330,72.890,72.680,-0.240,198008.000,73.268,72.480
-1.340,17.670,17.920,-0.240,10516.000,17.960,17.670
-1.510,54.270,55.260,-0.830,53553.000,55.600,54.260
2.310,22.190,21.630,0.500,185205.000,22.250,21.340
2.350,45.350,44.320,1.040,207976.000,45.630,43.630
0.720,33.690,33.420,0.240,1080276.000,33.725,33.280
0.000,4.210,4.220,0.000,241563.000,4.230,4.170
0.240,85.220,85.200,0.200,12903323.000,85.410,84.540
0.390,23.140,23.070,0.090,232019.000,23.270,22.960
-0.350,25.560,25.660,-0.090,533667.000,25.720,25.370
-0.190,42.570,42.640,-0.080,46696.000,42.840,42.220
8.020,42.540,39.510,3.160,122634.000,43.240,39.510
2.210,20.370,19.980,0.440,263404.000,20.410,19.750
0.280,14.410,14.340,0.040,1755835.000,14.550,14.250
0.660,52.350,52.110,0.345,5039297.000,52.430,51.830
-0.220,4.460,4.450,-0.010,119320.000,4.490,4.410
1.410,3.600,3.560,0.050,437881.000,3.630,3.430
-0.200,58.630,58.660,-0.120,281656.000,58.770,58.090
-1.330,26.760,27.120,-0.360,551722.000,27.190,25.983
0.090,21.110,21.010,0.020,242811.000,21.140,20.800
3.260,30.370,29.370,0.960,4509243.000,30.570,29.310
-0.120,24.150,24.210,-0.030,200064.000,24.246,24.080
-0.570,103.800,104.280,-0.600,2383406.000,104.760,103.280
-1.710,54.140,55.180,-0.940,31990.000,55.400,54.030
-8.490,5.390,5.130,-0.500,2567963.000,5.700,4.740
2.400,37.070,37.080,0.870,2726176.000,37.590,36.500
0.150,77.850,78.050,0.120,66998.000,79.090,77.670
1.610,27.530,26.860,0.435,76140630.000,27.550,26.680
2.290,34.110,33.320,0.765,3126132.000,34.360,33.270
0.140,57.730,57.690,0.080,218348.000,58.030,56.990
0.640,37.600,37.380,0.240,862549.000,37.740,37.030
0.360,86.140,85.560,0.310,157067.000,86.140,85.140
-1.470,22.740,23.080,-0.340,30971.000,23.440,22.740
-0.520,95.340,96.090,-0.500,2506644.000,96.380,95.110
-0.940,7.340,7.380,-0.070,5124986.000,7.380,7.165
-2.230,0.841,0.850,-0.019,183382.000,0.870,0.791
-0.320,74.160,74.240,-0.240,2886687.000,74.670,73.960
1.710,1.780,1.760,0.030,168172.000,1.790,1.760
-0.110,8.750,8.730,-0.010,101476.000,8.790,8.630
-1.330,6.690,6.780,-0.090,199506.000,6.990,6.640
-1.840,31.490,31.910,-0.590,450985.000,31.950,31.310
-1.550,93.010,94.370,-1.460,489739.000,94.490,92.870
-0.840,18.950,19.100,-0.160,69048.000,19.100,18.860
0.290,24.490,24.410,0.070,581986.000,24.640,24.330
-1.130,13.170,13.340,-0.150,126451.000,13.340,13.100
-0.070,40.350,40.420,-0.030,36657.000,40.490,39.110
-0.710,9.840,9.910,-0.070,97891.000,9.980,9.710
1.610,14.550,14.310,0.230,1360.000,14.590,14.310
9.130,13.620,12.510,1.140,169224.000,13.850,12.510
-0.150,40.260,40.270,-0.060,24011330.000,40.500,39.840
0.250,103.610,103.250,0.260,461013.000,104.450,102.350
-1.140,8.690,8.750,-0.100,29313.000,8.750,8.630
-0.120,33.290,33.380,-0.040,240270.000,33.450,33.100
-0.260,7.640,7.670,-0.020,248259.000,7.720,7.550
-1.310,44.400,44.740,-0.590,585542.000,44.860,44.130
0.110,46.040,45.990,0.050,2381481.000,46.260,45.830
-3.390,1.140,1.180,-0.040,826430.000,1.180,1.110
-2.120,49.950,51.500,-1.080,105922.000,52.700,49.850
0.450,50.520,50.170,0.225,920751.000,50.780,49.835
-0.360,41.600,41.840,-0.150,94652.000,41.920,41.420
-3.280,1.180,1.220,-0.040,116904.000,1.250,1.170
-0.930,9.620,9.700,-0.090,170930.000,9.730,9.440
-1.330,37.140,37.560,-0.500,168050.000,37.560,36.930
0.420,11.970,11.910,0.050,13596.000,12.000,11.880
1.060,16.260,16.090,0.170,1087114.000,16.330,16.000
-0.360,16.420,16.090,-0.060,31540033.000,16.460,16.020
0.650,7.700,7.670,0.050,683952.000,7.730,7.605
1.000,17.120,17.010,0.170,425964.000,17.500,16.700
1.170,314.140,310.710,3.620,679199.000,315.710,309.020
0.740,5.470,5.440,0.040,852686.000,5.530,5.410
0.130,50.220,50.120,0.065,2084588.000,50.310,49.350
0.820,7.390,7.350,0.060,115277.000,7.530,7.280
-1.220,2.430,2.450,-0.030,236851.000,2.450,2.400
0.370,26.930,26.820,0.100,229737.000,27.270,26.610
0.460,74.470,74.200,0.340,917600.000,74.610,73.300
-0.830,19.080,19.200,-0.160,29128.000,19.270,18.820
1.420,32.750,32.310,0.460,436564.000,32.950,32.260
0.370,68.030,67.950,0.250,141146.000,68.350,67.660
1.030,24.500,24.350,0.250,8786.000,24.580,23.040
0.170,30.330,30.040,0.050,24994759.000,30.360,29.820
0.790,25.550,25.420,0.200,848746.000,25.580,25.200
0.170,23.930,23.940,0.040,7359375.000,24.050,23.890
0.760,61.120,60.750,0.460,486964.000,61.410,60.410
1.440,0.710,0.700,0.010,122832.000,0.720,0.700
-0.220,40.650,40.780,-0.090,7618442.000,40.970,40.540
-1.040,16.190,16.350,-0.170,1446820.000,16.350,16.120
0.150,185.180,184.640,0.280,4489770.000,185.630,184.260
-1.600,14.770,15.040,-0.240,20882.000,15.040,14.600
3.440,38.470,37.190,1.280,203922.000,38.620,37.190
-0.220,9.160,9.200,-0.020,570635.000,9.230,9.120
-0.280,46.880,47.030,-0.130,132720.000,47.070,46.045
-0.640,38.700,39.170,-0.250,67169.000,39.170,38.580
-1.590,80.510,81.500,-1.300,623291.000,81.500,80.110
0.160,18.460,18.450,0.030,112851.000,18.580,18.050
0.000,32.380,32.350,0.000,96456.000,32.500,32.060
0.110,64.190,64.210,0.070,56680.000,64.420,63.670
0.260,42.700,42.480,0.110,67788.000,42.880,42.310
0.550,69.720,69.550,0.380,6181256.000,69.820,69.480
-0.370,48.800,48.980,-0.180,10026.000,49.000,47.750
-1.090,16.390,16.580,-0.180,175507.000,16.580,16.245
0.470,57.200,57.200,0.270,12160693.000,57.620,56.360
-1.820,17.280,17.630,-0.320,150370.000,17.640,17.150
-1.030,3.830,3.890,-0.040,47806.000,3.890,3.700
1.890,9.680,9.490,0.180,208705.000,9.690,9.451
-0.240,20.400,20.450,-0.050,184912.000,20.505,20.350
-0.370,26.910,27.000,-0.100,12302275.000,27.130,26.850
-1.130,15.730,15.910,-0.180,47189.000,16.110,15.690
-4.320,66.890,68.970,-3.020,2161786.000,69.560,66.410
-0.960,17.610,17.780,-0.170,62067.000,17.780,17.380
-1.040,22.870,22.990,-0.240,395450.000,23.110,22.710
-0.100,40.000,39.590,-0.040,437513.000,40.320,39.590
0.090,44.260,44.140,0.040,337359.000,44.470,43.980
-0.830,19.140,19.320,-0.160,172644.000,19.460,19.070
-0.220,82.910,82.910,-0.180,1125872.000,83.600,82.740
-0.340,26.460,26.560,-0.090,102932.000,26.740,26.450
0.350,17.370,17.270,0.060,444081.000,17.460,17.200
-8.540,1.500,1.670,-0.140,4004575.000,1.720,1.470
1.420,47.060,46.330,0.660,2824258.000,47.160,45.950
-0.770,47.900,48.180,-0.370,796226.000,48.300,47.810
0.990,23.940,23.650,0.235,3652890.000,23.940,23.535
0.220,4.500,4.500,0.010,406648.000,4.560,4.420
-0.370,16.090,16.180,-0.060,116750.000,16.220,15.910
-0.550,41.820,42.010,-0.230,83708.000,42.080,41.736
0.580,22.520,22.390,0.130,210049.000,22.700,22.130
0.180,81.670,81.670,0.150,925950.000,81.830,81.150
-0.140,36.030,36.080,-0.050,199905.000,36.320,35.410
-1.920,11.230,11.440,-0.220,6818.000,11.960,11.180
-1.500,24.290,24.730,-0.370,34749.000,24.730,24.060
0.470,2.130,2.120,0.010,181203.000,2.150,2.120
-0.040,27.910,27.750,-0.010,12572923.000,28.000,27.120
1.860,8.740,8.600,0.160,307844.000,8.795,8.580
-2.780,2.450,2.540,-0.070,11438308.000,2.560,2.440
-1.030,20.140,20.290,-0.210,35011.000,20.470,20.110
-1.030,1.930,1.950,-0.020,4381.000,1.950,1.910
0.650,6.160,6.120,0.040,30401.000,6.170,6.050
1.520,13.360,13.160,0.200,221617.000,13.460,13.050
-1.290,81.240,81.130,-1.060,4621527.000,81.480,80.250
-0.440,92.190,92.610,-0.410,203784.000,92.820,91.590
0.630,27.000,26.900,0.170,1523087.000,27.170,26.470
-0.490,8.190,8.230,-0.040,1183900.000,8.250,8.080
-0.130,96.420,96.680,-0.130,543420.000,97.490,95.850
-0.110,18.960,19.000,-0.020,291332.000,19.080,18.730
2.720,41.490,40.430,1.100,1142780.000,41.560,40.210
-0.330,12.010,12.100,-0.040,22865.000,12.160,11.950
0.490,75.860,75.460,0.370,18295.000,75.860,74.893
0.650,46.180,45.940,0.300,113608.000,46.560,45.730
-0.280,24.800,24.850,-0.070,119923.000,25.000,24.460
0.300,63.050,62.710,0.190,190510.000,63.370,62.471
1.160,41.100,40.670,0.470,3900501.000,41.360,40.650
0.060,46.420,46.430,0.030,131615.000,46.870,45.739
1.850,19.820,19.460,0.360,707956.000,19.970,19.240
1.010,16.970,16.810,0.170,2328418.000,17.030,16.650
-0.510,23.450,23.640,-0.120,151649.000,23.750,23.230
-4.400,26.310,27.040,-1.210,5900.000,27.040,26.251
-1.020,9.720,9.790,-0.100,194746.000,9.820,9.650
-0.200,35.380,35.490,-0.070,141975.000,35.600,35.010
-0.320,28.370,28.510,-0.090,127416.000,28.590,27.890
0.810,21.140,21.020,0.170,517479.000,21.140,20.910
-0.510,13.720,13.780,-0.070,109125.000,13.860,13.550
-1.040,18.130,18.220,-0.190,26615.000,18.330,18.040
1.150,28.060,27.730,0.320,35482.000,28.510,27.420
-0.370,53.420,53.690,-0.200,112903.000,53.776,53.275
-0.540,38.530,38.710,-0.210,1546517.000,38.770,38.420
1.020,38.660,38.070,0.390,10937704.000,38.691,38.010
-0.330,42.810,42.780,-0.140,940568.000,42.940,42.310
-0.270,47.760,47.970,-0.130,2697748.000,48.209,47.690
-0.240,42.190,42.270,-0.100,19645786.000,42.320,41.760
1.740,34.520,34.000,0.590,350413.000,34.780,33.650
-0.110,35.430,35.580,-0.040,5669459.000,35.580,35.370
-1.510,3.910,3.980,-0.060,202124.000,4.039,3.900
-3.470,1.670,1.750,-0.060,113549.000,1.750,1.670
-1.080,35.700,36.070,-0.390,523964.000,36.169,35.500
1.110,7.270,7.190,0.080,44833.000,7.300,7.190
2.040,15.000,14.830,0.300,18239768.000,15.050,14.640
-0.350,92.710,93.140,-0.330,1143726.000,93.220,91.500
0.230,8.790,8.730,0.020,46912.000,8.860,8.690
1.100,24.850,24.570,0.270,12806833.000,24.900,24.440
2.310,3.540,3.470,0.080,45104.000,3.550,3.420
2.030,18.090,17.750,0.360,1403804.000,18.120,17.700
1.680,26.700,26.220,0.440,651500.000,26.700,26.120
-2.680,97.320,99.520,-2.680,9968.000,99.520,97.290
-0.840,5.880,5.930,-0.050,444301.000,6.040,5.820
0.320,21.760,21.710,0.070,99147.000,22.010,21.460
1.030,20.640,20.480,0.210,1216804.000,20.740,20.410
-0.730,4.100,4.120,-0.030,70471.000,4.180,4.090
0.200,4.910,4.900,0.010,69358.000,4.950,4.860
5.820,8.090,7.710,0.445,46924289.000,8.200,7.690
0.380,15.830,15.820,0.060,11468558.000,15.850,15.710
-3.000,16.500,17.000,-0.510,57605.000,17.070,16.500
-0.940,83.050,83.470,-0.790,619042.000,83.810,82.540
-0.080,35.730,35.770,-0.030,349285.000,35.980,35.200
-0.490,40.350,40.710,-0.200,15112.000,40.710,40.210
0.020,30.050,30.100,0.005,3567049.000,30.400,29.870
1.130,11.630,11.500,0.130,61349.000,11.750,11.450
-2.310,388.800,400.890,-9.190,3287.000,400.890,386.500
-2.610,13.050,13.200,-0.350,2695159.000,13.240,12.910
-0.270,69.850,70.290,-0.190,294189.000,70.540,69.770
0.710,7.850,7.800,0.055,12141924.000,7.870,7.710
-1.530,20.000,20.330,-0.310,39300.000,20.330,19.510
-1.180,19.230,19.420,-0.230,380382.000,19.420,19.150
0.410,63.140,62.730,0.260,244945.000,63.170,62.120
-0.270,33.190,33.380,-0.090,580970.000,33.580,32.690
-1.110,6.220,6.290,-0.070,116621.000,6.310,6.170
9.620,45.570,43.990,4.000,17501808.000,46.470,43.910
-0.250,56.190,56.290,-0.140,1978465.000,56.490,55.880
-0.990,69.080,69.940,-0.690,1053520.000,69.989,68.970
1.240,108.810,107.200,1.330,96181.000,108.970,106.210
0.810,31.190,31.020,0.250,39783.000,31.290,30.636
0.450,11.150,11.130,0.050,513856.000,11.170,11.040
1.260,51.930,51.340,0.645,1182807.000,51.960,50.995
0.140,28.900,29.000,0.040,881470.000,29.040,28.890
-0.110,53.160,53.250,-0.060,301666.000,53.480,52.680
0.190,33.500,33.490,0.065,9819784.000,33.650,33.120
1.550,216.520,213.860,3.310,3541197.000,217.949,211.110
1.590,51.630,50.890,0.810,1562033.000,51.790,50.780
2.210,31.270,30.550,0.675,3732477.000,31.300,30.440
-3.160,20.820,21.500,-0.680,34892.000,21.500,20.800
-0.980,10.130,10.260,-0.100,134349579.000,10.270,10.050
-0.040,44.500,44.500,-0.020,97414.000,44.500,43.665
0.120,40.090,40.110,0.050,38014.000,40.530,39.960
-3.570,11.330,11.740,-0.420,73661.000,11.790,11.310
0.280,276.580,272.990,0.770,3368245.000,278.700,270.550
0.600,55.670,55.430,0.330,11607290.000,55.810,54.910
2.020,33.280,32.690,0.660,227053.000,33.940,32.690
0.090,64.500,64.190,0.060,723921.000,64.520,63.650
0.500,8.110,8.050,0.040,315516.000,8.140,7.980
-1.430,24.880,25.190,-0.360,253452.000,25.220,24.540
-0.720,20.720,21.010,-0.150,5514660.000,21.120,20.630
-1.390,34.750,35.220,-0.490,87913.000,35.220,34.140
0.100,20.050,20.080,0.020,244939.000,20.130,19.770
-1.160,11.060,11.160,-0.130,507085.000,11.290,10.944
-0.980,9.050,9.090,-0.090,1956405.000,9.100,8.890
-0.130,15.480,14.960,-0.020,1037438.000,15.650,14.750
-3.560,5.690,5.800,-0.210,1494477.000,5.830,5.670
-0.230,34.680,34.790,-0.080,899997.000,34.960,34.600
0.970,72.560,72.080,0.700,899091.000,72.690,71.760
0.700,15.720,15.600,0.110,577866.000,15.800,15.470
0.030,32.720,32.660,0.010,647383.000,33.000,32.430
0.880,9.170,9.150,0.080,763284.000,9.210,9.050
-0.600,13.190,13.320,-0.080,341966.000,13.320,12.980
-1.650,5.370,5.450,-0.090,319090.000,5.450,5.240
1.330,44.860,43.990,0.590,576788.000,44.860,43.720
-0.180,32.430,32.540,-0.060,673436.000,32.580,32.090
-0.310,16.140,16.180,-0.050,32102.000,16.180,16.040
0.120,17.140,17.160,0.020,138888.000,17.190,16.900
-0.930,40.430,40.700,-0.380,288261.000,40.780,40.400
0.300,67.380,67.070,0.200,975036.000,67.750,66.250
0.050,18.270,18.270,0.010,129876.000,18.370,18.190
2.190,27.020,26.890,0.580,7157752.000,27.060,26.720
-1.430,11.060,11.230,-0.160,431734.000,11.340,10.990
-1.470,1.340,1.360,-0.020,372491.000,1.370,1.340
0.030,72.250,72.230,0.020,246688.000,72.737,71.890
0.470,17.230,17.170,0.080,3397485.000,17.260,17.100
-0.190,51.400,51.660,-0.100,274407.000,51.950,51.310
-1.590,11.130,11.320,-0.180,262395.000,11.440,10.960
0.500,143.490,143.140,0.710,190492.000,143.820,142.530
0.380,92.310,92.070,0.350,31853.000,92.690,91.830
-1.080,70.800,71.610,-0.770,1550571.000,71.610,70.720
-1.580,40.380,40.540,-0.650,6863435.000,41.410,40.170
-0.520,22.760,22.950,-0.120,1117080.000,23.014,22.700
-1.610,20.210,20.500,-0.330,133333.000,20.500,20.040
2.490,42.320,41.600,1.030,1724145.000,42.570,40.830
0.110,19.010,18.950,0.020,898507.000,19.090,18.830
1.740,13.150,12.960,0.225,17416261.000,13.210,12.890
0.550,23.770,23.620,0.130,3355092.000,23.920,23.460
0.130,23.170,23.140,0.030,36325.000,23.310,22.970
-0.260,26.810,26.860,-0.070,315573.000,26.910,26.650
-14.030,9.500,9.510,-1.550,4814370.000,10.000,9.350
-0.300,16.680,16.760,-0.050,532090.000,16.780,16.600
0.230,39.350,39.340,0.090,66555.000,39.410,39.020
0.500,38.140,37.930,0.190,160283.000,38.320,37.720
0.270,36.600,36.540,0.100,859549.000,36.880,36.220
0.710,18.430,18.310,0.130,180149.000,18.440,18.160
0.540,29.720,29.690,0.160,5269892.000,29.850,29.100
-1.910,4.610,4.670,-0.090,139945.000,4.710,4.570
-1.650,20.820,21.070,-0.350,157864.000,21.070,20.810
-0.620,33.910,34.270,-0.210,89519.000,34.480,33.800
-0.700,28.400,28.650,-0.200,15545.000,28.910,28.340
-1.280,26.210,26.660,-0.340,815590.000,26.830,26.020
0.320,68.540,68.070,0.220,196754.000,68.890,67.660
3.660,1.980,1.910,0.070,844640.000,2.020,1.870
-0.160,18.180,18.210,-0.030,129070.000,18.310,18.050
0.080,29.890,29.860,0.025,1914099.000,30.070,29.740
-0.240,33.460,33.480,-0.080,63418.000,33.500,33.010
-0.420,81.230,81.600,-0.340,136515.000,81.740,81.160
-0.150,20.080,20.140,-0.030,463673.000,20.290,19.990
1.050,36.700,36.380,0.380,3691275.000,36.750,36.280
0.200,15.250,15.280,0.030,2052986.000,15.360,15.175
1.020,39.450,39.100,0.400,249119.000,39.690,38.750
-1.510,66.010,65.700,-1.010,7846.000,67.730,65.700
0.230,21.800,21.720,0.050,432611.000,21.830,21.590
-1.040,18.090,18.250,-0.190,192479.000,18.250,18.030
1.020,71.230,70.370,0.720,340961.000,71.310,70.150
-0.900,53.790,54.380,-0.490,21092.000,54.380,53.460
-1.320,73.530,74.590,-0.985,422994.000,74.590,73.430
-1.410,29.350,29.840,-0.420,1961793.000,29.920,29.250
-0.570,47.260,47.650,-0.270,78038.000,47.820,47.150
-0.470,112.280,112.930,-0.530,81783.000,113.200,111.800
-1.690,5.250,5.350,-0.090,84844.000,5.350,5.150
-1.980,11.400,11.620,-0.230,27616.000,11.820,11.380
1.120,7.200,7.130,0.080,361234.000,7.250,7.020
0.780,22.000,21.860,0.170,41090.000,22.350,21.810
-0.710,5.600,5.670,-0.040,9662.000,5.710,5.550
-2.250,18.250,18.550,-0.420,3215225.000,18.570,18.200
1.490,0.680,0.680,0.010,194036.000,0.682,0.660
0.910,165.250,163.330,1.490,1882525.000,166.900,163.020
1.530,63.620,63.060,0.960,1603474.000,64.000,63.060
6.190,10.300,10.190,0.600,2639169.000,10.440,10.080
-0.070,13.680,13.720,-0.010,220241.000,13.950,13.410
-0.970,12.240,12.290,-0.120,45628.000,12.340,12.120
-0.160,68.230,68.310,-0.110,49824.000,68.680,67.580
0.090,43.360,43.220,0.040,581856.000,43.410,43.070
-0.450,91.020,91.430,-0.410,21821.000,91.730,90.930
-0.440,22.620,22.720,-0.100,35967.000,23.110,22.400
2.100,22.370,21.870,0.460,1151558.000,22.460,21.710
0.430,7.040,7.020,0.030,141924.000,7.050,6.950
-0.730,20.390,20.560,-0.150,1414806.000,20.600,20.350
1.380,73.700,72.770,1.000,388812.000,73.960,72.500
-2.160,18.160,18.550,-0.400,344699.000,18.550,18.060
1.330,40.370,39.840,0.530,819599.000,40.440,39.620
-0.070,40.350,40.510,-0.030,3193662.000,40.720,40.250
-0.190,107.880,108.000,-0.200,1931628.000,108.230,106.690
-0.580,20.730,20.880,-0.120,3105903.000,20.930,20.580
-2.960,1.310,1.350,-0.040,3944984.000,1.370,1.300
-0.880,5.620,5.680,-0.050,20513.000,5.680,5.570
0.640,84.460,83.940,0.540,482669.000,84.500,83.350
-0.250,36.090,36.290,-0.090,7529514.000,36.460,35.940
2.550,154.000,151.280,3.830,5592046.000,155.000,151.000
0.000,29.820,29.800,0.000,2599113.000,29.985,29.750
0.180,62.160,61.900,0.110,697890.000,62.340,61.720
0.860,30.510,30.250,0.260,141108.000,30.830,29.876
-11.670,0.265,0.290,-0.035,522246.000,0.300,0.265
0.230,56.280,56.190,0.130,58534.000,56.740,55.880
1.030,20.630,20.460,0.210,76578.000,20.740,20.400
-1.730,80.500,81.680,-1.420,153247.000,81.740,80.060
3.390,6.710,6.550,0.220,7835588.000,6.745,6.500
-0.920,35.370,35.770,-0.330,180364.000,35.770,34.970
-0.750,74.230,74.340,-0.560,139683.000,74.900,73.900
-0.220,13.370,13.420,-0.030,45934.000,13.420,13.140
1.890,75.270,73.980,1.395,1519447.000,75.800,73.980
-0.660,31.840,32.080,-0.210,199163.000,32.080,31.530
3.320,26.490,25.660,0.850,2802584.000,26.930,25.240
-0.420,9.520,9.570,-0.040,131634.000,9.770,9.470
0.790,39.360,38.970,0.310,268908.000,39.500,38.530
-0.150,20.070,20.090,-0.030,25688112.000,20.170,19.970
0.050,42.460,42.560,0.020,237640.000,43.140,42.380
0.270,44.130,44.020,0.120,729527.000,44.135,44.020
0.750,39.120,38.760,0.290,862684.000,39.300,38.540
-1.930,7.120,7.250,-0.140,140250.000,7.330,7.120
1.770,12.660,12.480,0.220,4222727.000,12.700,12.420
0.670,15.060,14.980,0.100,468907.000,15.110,14.960
0.000,11.360,11.350,0.000,363388.000,11.460,11.150
-0.610,21.350,21.470,-0.130,107582.000,21.470,21.270
0.440,78.160,77.620,0.340,728956.000,78.360,77.020
0.570,26.460,26.310,0.150,320210.000,26.530,26.250
-0.410,17.040,17.160,-0.070,18798264.000,17.260,16.980
-1.190,24.920,25.210,-0.300,117326.000,25.210,24.720
6.740,86.970,81.230,5.490,1123818.000,87.290,80.982
0.280,43.340,43.190,0.120,3320502.000,43.410,42.740
-1.250,16.650,16.870,-0.210,132250.000,16.990,16.400
0.960,3.140,3.110,0.030,576935.000,3.170,3.100
0.000,4.400,4.430,0.000,262313.000,4.450,4.340
-0.040,39.540,39.640,-0.015,564602.000,39.670,39.220
-1.770,23.920,24.270,-0.430,36443.000,24.270,23.820
-1.010,31.420,31.630,-0.320,117613.000,31.770,31.250
1.080,66.130,65.500,0.705,752261.000,66.130,65.000
1.720,34.210,33.560,0.580,611760.000,34.380,33.550
-2.030,23.660,24.140,-0.490,19387.000,24.150,23.580
-0.520,26.660,26.830,-0.140,474392.000,26.830,26.551
-2.650,11.760,12.100,-0.320,39093.000,12.100,11.740
-0.220,9.170,9.180,-0.020,779531.000,9.190,9.170
0.460,17.380,17.330,0.080,1752378.000,17.410,17.140
0.860,25.950,25.950,0.220,6940363.000,26.310,25.330
-0.880,31.420,31.660,-0.280,2822617.000,31.750,31.170
-1.830,5.890,5.990,-0.110,3652.000,5.990,5.600
2.670,51.080,50.030,1.330,4950175.000,51.530,49.870
-0.500,47.650,47.860,-0.240,108705.000,48.010,47.320
-1.000,28.580,28.820,-0.290,35413.000,28.890,28.410
0.570,49.240,48.910,0.280,268910.000,49.370,48.660
-0.480,55.220,55.350,-0.265,3076516.000,55.460,55.010
0.860,21.050,20.820,0.180,563146.000,21.110,20.680
0.840,1.200,1.190,0.010,146643.000,1.210,1.181
0.560,25.280,25.120,0.140,12652.000,25.400,24.730
1.210,32.560,32.190,0.390,2479393.000,32.770,31.600
-1.240,33.580,34.020,-0.420,151832.000,34.020,33.500
1.910,10.150,9.980,0.190,238863.000,10.190,9.890
0.930,130.900,129.410,1.200,276455.000,131.760,129.410
0.390,15.370,15.380,0.060,291135.000,15.420,15.140
-1.270,91.680,92.920,-1.180,648545.000,92.930,91.560
1.300,36.700,36.420,0.470,15921763.000,37.120,36.360
0.490,47.200,47.010,0.230,463423.000,47.440,46.860
-1.180,5.840,5.920,-0.070,213173.000,5.940,5.820
-2.090,405.100,407.100,-8.635,810183.000,409.450,401.330
0.440,73.770,73.570,0.320,1319904.000,74.160,73.220
-1.370,16.570,16.800,-0.230,192049.000,16.800,16.520
0.090,31.710,31.730,0.030,1054252.000,31.970,31.510
-0.310,48.760,48.890,-0.150,822943.000,49.050,48.700
1.750,4.640,4.510,0.080,33983.000,4.640,4.510
-0.320,80.470,80.880,-0.260,185352.000,80.880,79.600
0.620,43.740,43.520,0.270,383261.000,44.140,43.440
-2.090,4.210,4.270,-0.090,147651.000,4.280,4.210
-0.480,8.370,8.420,-0.040,25496.000,8.420,8.230
-1.680,19.350,19.670,-0.330,45201.000,19.790,19.200
1.000,34.350,34.090,0.340,430131.000,34.530,33.850
-0.150,33.660,33.620,-0.050,4260265.000,34.040,33.290
-0.430,34.460,34.620,-0.150,160115.000,34.660,34.090
-0.060,50.370,50.870,-0.030,1363462.000,50.870,50.000
-1.110,98.060,99.130,-1.100,566935.000,99.130,97.510
0.800,71.930,71.370,0.570,959043.000,72.380,70.940
3.520,2.940,2.830,0.100,212722.000,2.950,2.810
0.550,45.910,45.610,0.250,1407936.000,46.240,45.480
-1.180,33.380,33.760,-0.400,39309.000,33.760,32.710
0.040,26.410,26.470,0.010,196108.000,26.530,26.360
-0.670,52.230,52.990,-0.350,5737248.000,53.030,52.040
-0.080,38.240,38.270,-0.030,19765043.000,38.270,38.230
-0.370,50.980,51.270,-0.190,757185.000,51.510,50.630
-1.070,9.270,9.360,-0.100,129691.000,9.360,9.180
-0.390,41.010,41.220,-0.160,21731.000,41.220,40.930
2.870,13.980,13.650,0.390,29927615.000,14.050,13.570
0.230,62.090,62.140,0.140,262026.000,62.280,61.690
-1.200,12.310,12.480,-0.150,302474.000,12.480,12.050
-3.680,91.900,95.180,-3.510,1966218.000,95.180,91.730
-0.330,14.950,15.040,-0.050,73024.000,15.100,14.790
0.000,4.900,4.920,0.000,24167.000,4.950,4.900
0.130,54.570,54.930,0.070,2935497.000,55.000,54.530
1.090,20.370,20.180,0.220,571091.000,20.480,20.120
0.240,49.310,49.340,0.120,263468.000,49.510,48.542
0.830,530.370,527.180,4.360,669433.000,533.270,525.000
-0.930,85.890,86.510,-0.810,363112.000,86.860,85.800
0.300,46.770,46.740,0.140,58933.000,47.060,46.110
-13.200,31.090,32.300,-4.730,665792.000,32.510,30.820
-0.520,13.520,13.590,-0.070,2453007.000,13.690,13.500
0.140,80.210,80.190,0.110,1448552.000,80.235,80.090
3.890,58.980,57.000,2.210,2181114.000,59.070,56.780
0.120,8.470,8.470,0.010,445045.000,8.500,8.450
0.170,40.690,40.590,0.070,128903.000,40.950,40.540
0.920,57.460,57.160,0.525,13556422.000,57.710,56.760
0.130,55.380,55.380,0.070,1317914.000,55.630,54.860
