-0.340,11.560,11.420,-0.040,151375.000,11.940,11.361
-0.760,20.980,20.850,-0.160,121887.000,21.240,20.850
-0.970,13.250,13.230,-0.130,213066.000,13.340,13.150
-1.690,62.160,62.450,-1.070,451706.000,63.000,62.040
-0.480,6.220,6.200,-0.030,329367.000,6.290,6.100
-1.310,33.920,34.090,-0.450,1847100.000,34.180,33.780
-1.990,52.300,52.340,-1.060,249635.000,53.120,51.990
-1.350,23.420,23.480,-0.320,2377846.000,23.620,23.300
0.200,34.320,34.040,0.070,1631772.000,34.420,33.890
3.080,21.440,20.680,0.640,3473162.000,21.750,20.500
-1.460,50.000,49.720,-0.740,9996.000,50.720,49.720
0.140,57.540,57.040,0.080,1020704.000,57.840,57.040
-1.640,37.290,37.510,-0.620,2034740.000,37.650,37.140
-2.560,17.160,17.520,-0.450,43697.000,17.520,17.150
-0.290,20.750,20.710,-0.060,30978.000,20.919,20.710
0.810,18.610,18.370,0.150,94447.000,18.760,18.270
-3.390,39.570,41.310,-1.390,878832.000,41.780,39.175
-1.000,15.920,15.810,-0.160,430576.000,16.030,15.620
-4.720,3.430,3.550,-0.170,1208102.000,3.550,3.420
-4.670,51.060,51.670,-2.500,3884232.000,52.470,50.200
-0.720,11.040,11.110,-0.080,304613.000,11.120,11.000
-1.350,4.370,4.360,-0.060,75081.000,4.430,4.250
-1.870,71.310,71.380,-1.360,3721018.000,72.010,71.010
-1.440,15.710,15.820,-0.230,19600.000,15.925,15.700
-2.740,9.950,10.290,-0.280,42253.000,10.290,9.920
-2.940,21.770,22.120,-0.660,47946.000,22.710,21.750
-0.340,17.610,17.420,-0.060,281710.000,18.080,17.240
-0.260,38.710,38.350,-0.100,95469.000,39.000,38.070
0.440,11.470,11.250,0.050,6186915.000,11.710,11.220
-0.420,18.960,18.970,-0.080,43222346.000,19.140,18.850
-2.110,13.020,13.100,-0.280,112110.000,13.180,13.020
0.000,5.250,5.220,0.000,218976.000,5.280,5.130
-0.160,18.190,18.000,-0.030,347187.000,18.480,18.000
-0.280,57.100,56.480,-0.160,429342.000,57.490,56.350
-0.960,10.360,10.430,-0.100,420497.000,10.510,10.270
-0.810,53.810,53.670,-0.440,677188.000,54.240,53.390
-1.790,31.290,31.490,-0.570,133665.000,31.640,31.210
-2.620,12.660,12.890,-0.340,1286054.000,12.975,12.640
-1.420,41.700,41.780,-0.600,3050064.000,42.240,41.520
-0.700,66.250,66.210,-0.470,9860531.000,66.430,66.010
-3.660,9.220,9.450,-0.350,787438.000,9.570,9.200
-2.230,4.830,4.860,-0.110,197114.000,4.940,4.815
-0.330,87.610,87.540,-0.290,327913.000,88.165,87.160
0.000,85.300,85.300,0.000,232411.000,85.600,85.300
-0.060,67.680,67.250,-0.040,219978.000,67.761,66.190
0.900,17.960,17.640,0.160,1660262.000,18.020,17.610
-1.100,36.780,36.720,-0.410,84001.000,37.310,36.650
-2.020,15.530,15.540,-0.320,37647.000,15.760,15.490
-1.920,30.670,30.920,-0.600,5593787.000,31.170,30.580
0.030,72.130,71.730,0.020,5266023.000,72.320,70.910
-3.160,50.250,51.390,-1.640,11148808.000,51.390,49.970
-3.680,8.380,8.570,-0.320,105043.000,8.580,8.230
-1.250,25.350,25.500,-0.320,117587.000,25.680,25.300
-2.510,7.380,7.460,-0.190,1061157.000,7.550,7.370
-1.910,8.200,8.320,-0.160,17830.000,8.322,8.170
-2.360,4.970,5.040,-0.120,1104787.000,5.090,4.970
-1.540,13.400,13.600,-0.210,1176835.000,13.600,13.390
-5.550,12.600,13.110,-0.740,4566811.000,13.200,12.550
0.470,10.640,10.510,0.050,7081595.000,11.350,10.150
-1.460,63.310,63.960,-0.940,8707097.000,63.980,63.220
-3.180,7.010,7.140,-0.230,28866.000,7.250,6.980
-0.710,22.250,22.260,-0.160,1747626.000,22.420,22.130
-0.700,83.760,83.280,-0.590,1714548.000,84.400,83.020
-4.150,9.250,9.410,-0.400,455433.000,9.590,9.230
-0.490,59.120,58.820,-0.290,207685.000,59.470,58.562
-0.890,84.170,83.930,-0.760,406544.000,84.760,83.700
-5.340,2.660,2.800,-0.150,22499.000,2.800,2.660
0.000,1.290,1.280,0.000,229244.000,1.320,1.260
-0.240,33.690,33.610,-0.080,2020452.000,33.830,33.450
-0.470,93.240,93.400,-0.440,332190.000,94.420,93.050
1.280,12.650,12.430,0.160,969536.000,12.750,12.290
-1.340,11.070,11.130,-0.150,275083.000,11.220,11.060
-1.350,64.170,64.650,-0.880,782600.000,64.930,64.120
-0.590,88.550,88.190,-0.530,1008236.000,89.125,88.070
-1.420,36.220,36.460,-0.520,14681760.000,36.520,36.130
-2.020,38.310,38.670,-0.790,1492713.000,38.830,38.100
-0.320,28.110,28.000,-0.090,4484278.000,28.870,27.990
-3.900,4.440,4.590,-0.180,321271.000,4.610,4.410
-1.320,42.640,43.040,-0.570,5157587.000,43.320,42.615
0.160,19.090,19.040,0.030,8654632.000,19.250,18.840
-2.340,24.230,24.480,-0.580,10448.000,24.630,24.150
1.810,45.590,44.340,0.810,1528564.000,45.820,44.060
-3.140,6.160,6.190,-0.200,379237.000,6.390,6.130
1.610,50.350,49.080,0.800,728555.000,50.760,49.080
0.360,100.210,99.120,0.360,962566.000,101.100,98.860
-0.530,22.650,22.620,-0.120,4785854.000,22.800,22.410
-0.750,13.180,13.270,-0.100,4935539.000,13.310,13.095
-0.660,31.390,31.150,-0.210,250137.000,31.710,31.030
0.780,38.800,38.480,0.300,34234.000,39.350,37.850
-2.190,40.650,40.960,-0.910,225063.000,41.560,40.530
-0.480,28.950,28.960,-0.140,3810301.000,29.070,28.790
-0.800,23.680,23.490,-0.190,5509341.000,23.860,23.380
0.570,24.560,24.140,0.140,588616.000,24.570,23.990
-0.800,29.900,29.900,-0.240,390068.000,30.270,29.760
-3.480,8.330,8.440,-0.300,1003803.000,8.570,8.230
-0.920,7.530,7.470,-0.070,2808975.000,7.720,7.320
1.500,12.170,11.930,0.180,8397588.000,12.230,11.880
-2.870,9.150,9.360,-0.270,2371873.000,9.360,9.140
-2.710,17.220,17.340,-0.480,98384.000,17.580,17.170
-2.380,106.400,108.700,-2.590,17901.000,108.800,106.160
1.680,24.160,23.420,0.400,116376.000,24.280,23.290
-0.630,1.570,1.550,-0.010,78959.000,1.570,1.510
-4.140,6.720,6.900,-0.290,7187142.000,6.980,6.660
-0.540,44.020,43.830,-0.240,1655488.000,44.330,43.490
-0.200,55.030,54.840,-0.110,74024.000,55.280,54.190
-0.390,33.220,32.990,-0.130,1056711.000,33.365,32.810
-0.920,7.550,7.800,-0.070,47884.000,7.850,7.480
-0.720,44.070,44.170,-0.320,626125.000,44.360,44.000
-0.790,42.820,42.870,-0.340,775143.000,43.500,42.070
-2.490,3.130,3.160,-0.080,82639.000,3.210,3.042
-2.060,17.150,17.410,-0.360,423389.000,17.470,17.150
0.340,35.180,35.010,0.120,2321101.000,35.230,34.900
-0.260,15.290,15.190,-0.040,6030303.000,15.400,15.090
-1.420,12.520,12.600,-0.180,3725674.000,12.610,12.490
-0.590,57.770,57.550,-0.340,64074.000,58.120,57.460
-1.070,52.750,52.930,-0.570,1402328.000,53.040,52.540
-0.910,30.410,30.110,-0.280,2709400.000,30.620,30.000
-0.430,87.320,86.650,-0.380,3278185.000,87.870,86.300
-2.860,10.880,11.140,-0.320,23477.000,11.320,10.880
0.340,41.440,40.920,0.140,278682.000,41.720,40.750
-2.850,11.580,11.700,-0.340,1728831.000,11.860,11.540
-0.380,7.895,7.850,-0.030,10907.000,7.950,7.820
-0.470,42.370,42.200,-0.200,586170.000,42.610,41.990
-2.620,12.660,12.880,-0.340,176163.000,13.120,12.540
-1.090,16.280,16.340,-0.180,33729068.000,16.380,16.160
0.160,54.970,54.380,0.090,202212.000,55.330,54.310
-0.510,9.660,9.690,-0.050,1974082.000,9.800,9.560
-3.660,97.500,99.800,-3.700,3724003.000,100.980,97.250
-2.960,7.860,8.050,-0.240,17929694.000,8.090,7.780
0.190,15.830,15.630,0.030,15774578.000,15.970,15.520
-0.600,3.310,3.280,-0.020,223825.000,3.360,3.230
-2.760,1.410,1.450,-0.040,834346.000,1.450,1.400
-2.710,26.590,27.120,-0.740,29624.000,27.120,26.440
-0.560,21.390,21.280,-0.120,1362089.000,21.610,21.150
-0.020,55.840,54.860,-0.010,526675.000,56.530,54.860
0.360,36.650,36.370,0.130,8585405.000,36.970,36.240
0.210,79.810,78.850,0.170,1482315.000,80.160,78.360
-1.190,51.320,51.450,-0.620,177643.000,52.234,51.120
-1.110,24.890,25.020,-0.280,295621.000,25.200,24.830
0.920,50.450,49.400,0.460,643532.000,50.670,49.110
-2.540,51.050,52.040,-1.330,2169090.000,52.040,50.970
-2.460,17.430,17.580,-0.440,37426.000,17.782,17.400
-0.620,17.500,17.370,-0.110,77854.000,17.630,17.310
-1.710,1.150,1.140,-0.020,398464.000,1.190,1.140
-0.500,88.120,87.960,-0.440,5274099.000,89.000,87.780
-0.600,11.620,11.500,-0.070,618551.000,11.720,11.430
0.950,56.480,55.310,0.530,458487.000,56.780,55.190
-1.010,53.970,54.030,-0.550,8082784.000,54.400,53.950
-1.670,34.820,34.920,-0.590,32135.000,35.720,34.790
-1.050,10.350,10.320,-0.110,44830.000,10.370,10.250
0.370,27.110,26.980,0.100,3546140.000,27.190,26.800
-1.850,17.550,17.620,-0.330,1945208.000,17.970,17.540
0.090,23.520,23.250,0.020,1163376.000,23.700,23.170
-1.340,7.340,7.340,-0.100,50441.000,7.430,7.300
-2.190,8.930,9.020,-0.200,114761.000,9.090,8.890
-1.900,4.650,4.710,-0.090,503605.000,4.820,4.630
-0.240,28.680,28.430,-0.070,110568.000,28.740,28.310
-1.350,28.420,28.290,-0.390,1233834.000,28.720,27.940
0.580,67.160,66.050,0.390,348596.000,67.520,65.770
-6.800,2.330,2.450,-0.170,10691936.000,2.450,2.320
3.880,50.840,48.400,1.900,2830148.000,51.370,48.400
-1.360,54.980,55.330,-0.760,91681.000,56.010,54.920
-1.720,12.000,12.070,-0.210,283182.000,12.180,11.960
-0.760,19.510,19.410,-0.150,4189338.000,19.670,19.380
-1.860,55.940,56.120,-1.060,2168804.000,56.430,55.800
-0.420,47.140,46.820,-0.200,803741.000,47.460,46.699
0.560,39.530,38.970,0.220,1408481.000,39.590,38.820
-0.050,38.090,37.740,-0.020,734263.000,38.470,37.640
-2.610,1.120,1.140,-0.030,201425.000,1.140,1.110
-1.710,68.900,69.240,-1.200,1049536.000,70.670,68.670
-0.680,79.460,80.000,-0.540,595267.000,80.100,79.370
-1.130,56.650,56.640,-0.650,9117919.000,57.415,56.510
0.270,11.000,10.860,0.030,413779.000,11.050,10.810
-0.770,10.270,10.180,-0.080,208341.000,10.360,10.170
-1.240,19.900,19.880,-0.250,166609.000,20.237,19.800
0.240,42.430,41.880,0.100,325248.000,42.640,41.880
-1.040,32.210,32.250,-0.340,20663482.000,32.440,32.040
-1.920,74.640,75.970,-1.460,283482.000,76.060,74.535
-1.750,21.860,22.100,-0.390,96433.000,22.250,21.770
-1.080,51.320,51.270,-0.560,99053.000,51.820,51.150
-0.800,108.100,107.550,-0.870,6199996.000,109.000,107.460
0.290,23.840,23.500,0.070,66583.000,24.000,22.400
-0.960,29.800,29.780,-0.290,21325.000,30.444,29.700
-5.020,8.510,8.860,-0.450,162979.000,8.890,8.490
-0.330,30.400,29.920,-0.100,174320.000,30.450,29.560
-0.280,82.970,81.830,-0.230,164683.000,83.770,81.830
-1.620,9.130,9.140,-0.150,246753.000,9.230,9.100
-1.680,3.520,3.500,-0.060,1387466.000,3.620,3.500
-0.690,110.280,109.240,-0.770,401535.000,110.960,108.650
-0.540,11.000,10.920,-0.060,19791.000,11.120,10.800
0.470,62.550,61.630,0.290,1662690.000,63.150,61.240
-2.500,25.300,25.690,-0.650,108740.000,25.720,25.250
-0.600,23.160,23.030,-0.140,1250259.000,23.330,22.950
-0.530,31.790,31.860,-0.170,388068.000,32.000,31.760
-1.390,22.730,22.790,-0.320,1089686.000,22.930,22.560
-2.310,6.760,6.830,-0.160,103708.000,6.897,6.730
-2.000,26.460,26.470,-0.540,2369522.000,26.840,26.250
-1.620,56.650,56.870,-0.930,5849028.000,57.040,56.400
-0.320,53.110,52.800,-0.170,1013736.000,53.280,52.500
-1.930,32.580,32.750,-0.640,317228.000,32.750,32.360
1.320,398.500,390.350,5.200,20932604.000,400.000,389.620
-1.260,10.150,10.100,-0.130,42120.000,10.325,10.100
-1.180,45.990,46.170,-0.550,605933.000,46.380,45.970
1.330,15.950,15.650,0.210,8847815.000,16.000,15.530
-3.720,5.960,6.070,-0.230,828166.000,6.130,5.920
-2.650,12.110,12.380,-0.330,853470.000,12.400,12.040
-0.430,64.170,63.740,-0.280,3007554.000,64.820,63.640
-1.490,103.990,105.350,-1.570,2910267.000,106.820,103.970
0.970,81.210,80.060,0.780,994022.000,81.460,79.760
0.470,105.640,104.160,0.490,8324944.000,106.300,103.800
-0.710,14.080,14.050,-0.100,22119.000,14.250,13.898
-0.850,31.620,31.620,-0.270,246168.000,31.920,31.500
-2.630,5.920,5.980,-0.160,9252.000,6.060,5.920
-0.870,45.390,45.440,-0.400,247606.000,45.790,45.310
-0.210,62.060,61.670,-0.130,831176.000,62.695,61.670
-1.020,26.250,26.260,-0.270,3053940.000,26.600,26.250
-1.910,18.000,18.030,-0.350,209338.000,18.190,17.940
-0.570,59.360,59.230,-0.340,1214999.000,59.725,59.130
-1.140,51.880,51.850,-0.600,590453.000,52.220,51.350
-0.510,52.960,52.900,-0.270,2428763.000,53.150,52.540
-0.940,10.540,10.490,-0.100,451309.000,10.570,10.390
2.470,18.220,17.530,0.440,67112.000,18.350,17.360
-0.600,60.810,61.220,-0.370,1682646.000,61.250,60.460
1.500,48.680,48.240,0.720,4909721.000,49.150,47.960
-1.360,18.120,18.110,-0.250,1330897.000,18.540,17.758
-0.310,51.530,51.150,-0.160,3173984.000,51.890,51.020
-2.770,23.540,24.000,-0.670,194023.000,24.160,23.450
-1.500,5.920,5.950,-0.090,27924.000,6.010,5.900
-0.530,131.010,129.130,-0.700,1952863.000,132.380,129.030
-1.640,81.480,82.060,-1.360,21346.000,82.380,80.270
-1.890,67.460,68.270,-1.300,773072.000,68.570,67.390
-0.080,24.690,24.560,-0.020,223927.000,24.860,24.560
-3.110,37.070,37.700,-1.190,1095445.000,38.280,36.680
-0.980,82.090,82.330,-0.810,520602.000,82.890,81.890
-0.590,21.850,21.750,-0.130,346507.000,22.070,21.570
-0.400,42.790,42.580,-0.170,1032736.000,44.070,42.580
-0.390,30.770,30.760,-0.120,1086782.000,31.135,30.520
-0.680,65.510,64.060,-0.450,7517890.000,66.170,64.040
-1.020,186.000,185.500,-1.920,385511.000,187.420,184.200
-0.270,59.660,59.440,-0.160,1896469.000,60.490,59.250
-0.440,88.550,88.150,-0.390,1476036.000,89.700,87.790
-0.420,9.400,9.280,-0.040,37889.000,9.520,9.280
-1.010,116.180,116.230,-1.180,26459.000,117.260,116.011
-1.130,61.240,61.260,-0.700,367120.000,61.510,60.950
1.120,51.540,50.500,0.570,727802.000,51.660,50.230
-0.050,19.240,19.110,-0.010,943291.000,19.300,19.100
-1.340,13.970,13.940,-0.190,71902.000,14.070,13.730
-0.150,185.420,184.950,-0.270,13450.000,186.690,183.210
-2.520,14.320,14.480,-0.370,2841484.000,14.540,14.170
0.630,54.570,54.030,0.340,1095888.000,55.700,53.500
-0.970,46.180,46.150,-0.450,11609902.000,46.600,46.000
-1.370,54.100,54.230,-0.750,5667012.000,54.530,54.040
-2.870,16.610,16.830,-0.490,1715390.000,17.040,16.610
-1.120,17.610,17.430,-0.200,256145.000,17.680,17.320
-1.290,16.030,16.060,-0.210,31821.000,16.380,16.010
0.080,24.780,24.780,0.020,4606116.000,25.030,24.390
-5.140,3.510,3.620,-0.190,871456.000,3.655,3.460
-3.260,7.120,7.260,-0.240,630019.000,7.300,7.110
-0.790,16.400,16.440,-0.130,1898853.000,16.610,16.330
-0.690,76.610,76.140,-0.530,1878125.000,76.950,75.070
-0.570,52.550,52.550,-0.300,1098023.000,52.730,52.160
-0.980,91.880,91.700,-0.910,1866430.000,92.350,91.480
-0.080,24.830,24.570,-0.020,729465.000,25.150,24.530
-0.580,13.740,13.610,-0.080,605476.000,13.980,13.500
-1.680,36.820,37.000,-0.630,78002.000,37.460,36.710
-2.080,10.810,10.800,-0.230,1917325.000,11.100,10.620
12.840,1.670,1.480,0.190,1972873.000,1.700,1.460
-2.840,120.600,123.470,-3.520,1269958.000,124.000,120.580
-0.260,50.800,50.720,-0.130,2005696.000,50.940,50.650
0.000,10.080,10.090,0.000,53945.000,10.210,9.780
-0.310,294.940,294.270,-0.910,228336.000,296.370,293.220
-1.220,12.180,12.160,-0.150,25119.000,12.390,12.120
-0.970,36.820,36.810,-0.360,42259.000,37.440,36.450
-1.330,66.030,66.160,-0.890,192975.000,66.620,65.870
-1.410,92.610,92.580,-1.320,189955.000,93.940,92.480
-4.960,9.770,9.850,-0.510,7937580.000,10.020,9.650
-5.900,3.990,4.150,-0.250,239021.000,4.160,3.970
0.000,27.550,27.350,0.000,500015.000,27.725,27.340
-1.930,52.960,53.300,-1.040,35593.000,53.670,52.760
-1.170,55.850,56.000,-0.660,837574.000,56.240,55.550
-0.950,65.650,65.950,-0.630,111319.000,66.310,65.600
-0.580,59.970,59.700,-0.350,1794945.000,60.570,59.320
-0.980,31.470,31.340,-0.310,11528690.000,31.680,31.270
-3.880,5.950,6.090,-0.240,81945.000,6.110,5.950
-0.130,22.980,22.760,-0.030,978069.000,23.320,22.620
-1.380,17.160,17.240,-0.240,203626.000,17.430,17.090
-0.530,22.590,22.430,-0.120,3774615.000,22.690,22.280
-1.800,26.720,26.900,-0.490,138819.000,27.090,26.650
-0.570,8.770,8.680,-0.050,291266.000,9.040,8.680
-1.210,43.980,44.500,-0.540,107942.000,44.680,43.860
-0.160,44.040,43.450,-0.070,2367318.000,44.210,43.330
-0.830,22.690,22.720,-0.190,934060.000,22.980,22.680
0.550,14.650,14.350,0.080,13465430.000,14.840,14.150
-1.650,71.690,72.470,-1.200,329218.000,72.674,71.670
-0.790,17.530,17.460,-0.140,13221.000,17.770,17.460
-2.710,52.800,53.370,-1.470,89662.000,53.920,52.290
-5.090,21.060,21.840,-1.130,149925.000,22.010,20.890
-3.420,43.800,44.890,-1.550,229898.000,45.270,43.620
-1.040,33.340,33.260,-0.350,1294137.000,33.540,33.000
-1.190,4.160,4.170,-0.050,627501.000,4.210,4.120
-0.760,84.570,84.200,-0.650,13686740.000,85.130,84.200
-1.340,22.830,22.810,-0.310,171046.000,23.030,22.740
-0.470,25.440,25.340,-0.120,761532.000,25.550,25.120
-3.240,41.190,42.080,-1.380,112444.000,42.870,41.150
-3.500,41.050,41.770,-1.490,87395.000,43.820,41.022
-1.330,20.100,20.080,-0.270,266339.000,20.400,19.950
-0.490,14.340,14.300,-0.070,1133592.000,14.410,14.230
-1.320,51.660,52.190,-0.690,5074531.000,52.270,51.550
-1.120,4.410,4.410,-0.050,103965.000,4.450,4.390
-3.060,3.490,3.560,-0.110,65327.000,3.560,3.460
-0.090,58.580,58.010,-0.050,381648.000,59.160,57.660
-2.130,26.190,26.280,-0.570,285391.000,26.580,25.910
-1.800,20.730,20.920,-0.380,303534.000,21.110,20.710
0.130,30.410,30.040,0.040,3368193.000,30.470,29.900
-0.660,23.990,24.010,-0.160,219543.000,24.150,23.850
1.020,104.860,102.680,1.060,2938908.000,106.000,102.600
-1.510,53.320,53.500,-0.820,30514.000,54.130,53.150
-0.740,5.350,5.320,-0.040,442622.000,5.620,5.310
-1.590,36.480,36.640,-0.590,2322127.000,36.960,36.370
-1.210,76.910,77.350,-0.940,65415.000,78.130,76.890
1.380,27.910,27.260,0.380,107491136.000,28.090,27.190
-1.140,33.720,33.700,-0.390,1790396.000,33.900,33.360
-0.570,57.400,57.150,-0.330,302317.000,57.720,56.890
-1.460,37.050,37.170,-0.550,1275501.000,37.800,36.910
-1.180,85.120,85.220,-1.020,122803.000,86.070,85.000
-0.480,22.630,22.440,-0.110,14899.000,22.820,22.370
-0.280,95.110,94.840,-0.270,3264513.000,95.530,93.900
-0.680,7.290,7.290,-0.050,4712483.000,7.360,7.190
1.080,0.850,0.870,0.009,131805.000,0.890,0.830
-0.150,74.050,73.560,-0.110,3451586.000,74.390,73.230
-1.120,1.760,1.780,-0.020,486755.000,1.790,1.720
-0.460,8.710,8.610,-0.040,135569.000,8.810,8.610
-2.240,6.540,6.570,-0.150,280767.000,6.750,6.520
-0.160,31.440,31.120,-0.050,279614.000,31.600,30.920
0.590,93.560,91.980,0.550,402263.000,94.170,91.900
-2.480,18.480,18.770,-0.470,159787.000,18.840,18.455
-0.860,24.280,24.320,-0.210,644830.000,24.490,24.190
-0.840,13.060,13.080,-0.110,99989.000,13.290,13.050
0.070,40.380,39.900,0.030,145932.000,40.820,39.140
-1.630,9.680,9.740,-0.160,60503.000,9.800,9.620
0.480,14.620,14.500,0.070,4756.000,14.860,14.440
-3.520,13.140,13.370,-0.480,83546.000,13.730,13.100
-0.870,39.910,39.690,-0.350,21402559.000,40.060,39.400
-1.370,102.190,101.540,-1.420,409302.000,103.410,101.160
0.350,8.720,8.570,0.030,97591.000,8.850,8.500
-0.360,33.170,33.000,-0.120,387463.000,33.420,32.960
-3.400,7.380,7.500,-0.260,326967.000,7.550,7.350
-0.340,44.250,43.780,-0.150,816922.000,44.650,43.681
-1.410,45.390,45.680,-0.650,1758867.000,45.910,45.340
-2.630,1.110,1.130,-0.030,603211.000,1.130,1.070
-3.740,48.080,49.080,-1.870,116610.000,49.080,47.000
0.040,50.540,50.230,0.020,833913.000,50.810,49.840
-3.770,40.030,40.860,-1.570,202374.000,41.440,39.930
-1.690,1.160,1.170,-0.020,79767.000,1.180,1.150
-0.100,9.610,9.570,-0.010,127915.000,9.900,9.440
-0.400,36.990,36.960,-0.150,138150.000,37.180,36.680
-1.170,11.830,11.770,-0.140,24995.000,11.920,11.650
-2.770,15.810,16.080,-0.450,1344679.000,16.155,15.805
-1.220,16.220,16.120,-0.200,21300097.000,16.340,16.080
-0.910,7.630,7.590,-0.070,899325.000,7.670,7.520
0.760,17.250,17.180,0.130,219858.000,17.470,17.010
0.700,316.350,310.270,2.210,701122.000,318.710,309.680
-2.560,5.330,5.390,-0.140,887607.000,5.420,5.317
0.360,50.400,49.800,0.180,2383078.000,50.740,49.630
-1.890,7.250,7.290,-0.140,70159.000,7.290,7.210
-1.230,2.400,2.390,-0.030,585259.000,2.430,2.370
-2.150,26.350,26.610,-0.580,398557.000,26.670,26.320
-2.950,72.270,74.100,-2.200,1094791.000,74.160,72.180
-4.090,18.300,18.520,-0.780,117741.000,18.660,18.080
-0.670,32.530,32.390,-0.220,455997.000,33.060,32.130
-0.790,67.490,67.640,-0.540,144992.000,68.090,67.150
-2.160,23.970,24.310,-0.530,8787.000,24.710,23.510
-1.350,29.910,30.010,-0.410,19774270.000,30.170,29.850
-2.350,24.950,24.950,-0.600,864996.000,25.300,24.830
0.590,24.070,23.850,0.140,6431427.000,24.325,23.660
-3.290,59.110,60.220,-2.010,1199805.000,60.680,58.940
-2.830,0.690,0.710,-0.020,623623.000,0.710,0.670
-0.220,40.560,40.250,-0.090,6738570.000,40.890,40.160
4.010,16.840,16.220,0.650,4368751.000,16.980,16.210
-0.800,183.700,183.890,-1.480,4940110.000,184.960,183.280
-1.290,14.580,14.650,-0.190,8148.000,14.960,14.570
-1.510,37.890,38.000,-0.580,277932.000,38.580,37.300
-1.530,9.020,9.080,-0.140,540638.000,9.140,9.000
-1.320,46.260,46.560,-0.620,98948.000,46.950,46.170
-1.240,38.220,38.370,-0.480,89766.000,38.590,38.130
-1.650,79.180,79.560,-1.330,790506.000,79.945,78.960
-0.810,18.310,18.300,-0.150,136342.000,18.585,18.140
-0.830,32.110,32.070,-0.270,91904.000,32.290,31.990
0.060,64.230,63.700,0.040,93381.000,64.460,63.500
-0.770,42.370,42.230,-0.330,186533.000,43.070,42.080
-0.630,69.290,69.120,-0.440,6152025.000,69.560,69.010
0.290,48.940,48.040,0.140,6419.000,48.950,48.040
-0.730,16.270,16.220,-0.120,188763.000,16.520,16.200
0.120,57.270,56.560,0.070,9364848.000,57.770,56.510
-1.620,17.000,17.060,-0.280,125006.000,17.260,16.910
-2.350,3.740,3.620,-0.090,81140.000,3.840,3.620
-1.450,9.540,9.530,-0.140,145085.000,9.590,9.380
-2.400,19.910,20.130,-0.490,102767.000,20.260,19.910
0.220,26.970,26.590,0.060,16014781.000,27.050,26.430
-1.460,15.500,15.540,-0.230,122771.000,15.660,15.340
2.710,68.700,66.320,1.810,1488904.000,69.030,66.180
5.790,18.630,16.770,1.020,103211.000,18.900,16.770
-2.100,22.390,22.650,-0.480,640048.000,22.670,22.310
-3.220,38.710,39.810,-1.290,1091827.000,39.989,38.700
-0.230,44.160,43.800,-0.100,451726.000,44.810,43.620
-1.100,18.930,18.970,-0.210,55622.000,19.160,18.820
-1.440,81.720,82.000,-1.190,1409757.000,82.570,81.500
-1.850,25.970,26.240,-0.490,96990.000,26.350,25.850
-0.980,17.200,17.110,-0.170,130839.000,17.380,17.040
-4.670,1.430,1.480,-0.070,1983336.000,1.520,1.380
0.130,47.120,46.240,0.060,3300463.000,47.230,46.130
-0.290,47.760,47.390,-0.140,903700.000,47.940,47.390
-1.590,23.560,23.830,-0.380,3710196.000,23.909,23.525
-1.330,4.440,4.450,-0.060,450960.000,4.540,4.380
-0.870,15.950,15.930,-0.140,149695.000,16.100,15.860
-0.260,41.710,41.620,-0.110,157610.000,42.060,41.500
-0.490,22.410,22.340,-0.110,236792.000,22.670,22.150
-0.620,81.160,81.200,-0.510,1139088.000,81.590,81.060
-1.800,35.380,35.410,-0.650,302158.000,36.140,34.905
-6.230,10.530,11.020,-0.700,8673.000,11.160,10.510
-1.360,23.960,24.050,-0.330,20560.000,24.280,23.920
-5.630,2.010,2.110,-0.120,422283.000,2.120,2.010
-4.440,26.670,27.270,-1.240,16259324.000,27.650,26.600
-2.290,8.540,8.640,-0.200,333376.000,8.670,8.500
-4.080,2.350,2.420,-0.100,18173709.000,2.440,2.290
0.000,20.140,19.870,0.000,59562.000,20.580,19.870
1.040,1.950,1.930,0.020,22140.000,1.970,1.910
0.320,6.180,6.080,0.020,53855.000,6.200,6.040
-1.200,13.200,13.130,-0.160,209820.000,13.301,12.831
0.800,81.890,80.290,0.650,4015091.000,82.539,80.140
-0.090,92.110,91.590,-0.080,289716.000,92.180,91.110
-4.780,25.710,25.570,-1.290,3420222.000,26.170,25.280
-1.590,8.060,8.050,-0.130,1691620.000,8.240,8.010
-1.010,95.450,95.330,-0.970,453726.000,96.820,95.050
-0.420,18.880,18.820,-0.080,370609.000,19.010,18.590
-0.530,41.270,41.020,-0.220,1006643.000,41.830,41.000
-1.580,11.820,11.900,-0.190,29110.000,12.120,11.690
0.750,76.430,74.900,0.570,30266.000,76.600,74.880
-0.390,46.000,45.530,-0.180,137831.000,46.480,45.280
-4.030,23.800,24.420,-1.000,189743.000,24.450,23.780
0.170,63.160,62.790,0.110,225348.000,63.390,62.090
-0.970,40.700,40.480,-0.400,2618895.000,41.000,40.445
-0.990,45.960,45.520,-0.460,124792.000,46.880,45.080
7.160,21.240,20.090,1.420,2916610.000,21.610,19.960
-0.770,16.840,16.800,-0.130,2421663.000,17.010,16.730
-0.980,23.220,23.250,-0.230,148481.000,23.420,22.950
-0.230,26.250,26.320,-0.060,8036.000,26.610,26.250
-0.720,9.650,9.590,-0.070,162895.000,9.720,9.540
-1.020,35.020,34.910,-0.360,180033.000,35.560,34.750
-1.020,28.080,27.960,-0.290,103559.000,28.420,27.960
-0.710,20.990,20.820,-0.150,737998.000,21.060,20.820
-0.730,13.620,13.540,-0.100,116580.000,13.770,13.340
-0.280,18.080,17.950,-0.050,23881.000,18.170,17.840
0.570,28.220,27.850,0.160,19938.000,28.480,27.850
-0.790,53.000,53.000,-0.420,98344.000,53.360,52.970
-0.780,38.230,38.300,-0.300,1904194.000,38.740,38.080
-1.840,37.950,38.410,-0.710,4960806.000,38.440,37.920
0.440,43.000,42.020,0.190,1125816.000,43.410,42.020
-1.610,46.990,47.710,-0.770,5024518.000,47.750,46.910
-1.190,41.690,41.520,-0.500,22001890.000,41.910,41.290
-1.220,34.100,34.000,-0.420,469484.000,34.630,33.520
-1.130,35.030,35.250,-0.400,6411431.000,35.340,35.000
-4.350,3.740,3.890,-0.170,290003.000,3.910,3.720
-2.400,1.630,1.650,-0.040,120490.000,1.670,1.590
-4.060,34.250,35.340,-1.450,1627366.000,36.730,34.200
-1.790,7.130,7.170,-0.130,34994.000,7.240,7.120
-1.600,14.760,14.770,-0.240,14150590.000,14.830,14.550
-1.020,91.760,90.950,-0.950,1293781.000,93.850,90.600
-3.070,8.520,8.690,-0.270,22851.000,8.730,8.490
0.720,25.030,24.630,0.180,16641094.000,25.160,24.555
-4.520,3.380,3.480,-0.160,72563.000,3.480,3.360
-1.220,17.870,17.910,-0.220,915447.000,18.120,17.780
-0.670,26.520,26.380,-0.180,620940.000,26.650,26.230
-2.890,94.510,95.500,-2.810,19063.000,97.000,94.430
-1.360,5.800,5.780,-0.080,465060.000,5.840,5.770
-2.760,21.160,21.390,-0.600,109405.000,21.720,21.110
0.780,20.800,20.440,0.160,1778097.000,20.920,20.280
-1.220,4.050,4.020,-0.050,178848.000,4.110,4.020
-2.850,4.770,4.830,-0.140,48235.000,4.950,4.760
-2.470,7.890,7.900,-0.200,24647158.000,7.960,7.760
-1.200,15.640,15.620,-0.190,13227756.000,15.785,15.580
-0.060,16.490,16.300,-0.010,49588.000,16.730,16.230
-0.160,82.920,81.870,-0.130,622617.000,83.440,81.650
-0.530,35.540,35.460,-0.190,268909.000,36.020,35.300
-0.720,40.060,40.100,-0.290,8574.000,40.410,40.000
0.400,30.170,29.930,0.120,2892077.000,30.560,29.900
-0.950,11.520,11.500,-0.110,42182.000,11.670,11.360
-1.670,382.320,383.830,-6.480,4421.000,386.670,381.010
-0.230,13.020,12.900,-0.030,2156158.000,13.040,12.530
0.590,70.260,69.570,0.410,283370.000,70.680,69.360
-2.420,7.660,7.740,-0.190,9043235.000,7.785,7.660
-8.150,18.370,19.730,-1.630,102598.000,19.730,17.980
-2.180,18.810,19.020,-0.420,667685.000,19.098,18.810
-3.740,60.780,62.520,-2.360,347538.000,62.520,60.650
-2.500,32.360,32.710,-0.830,1501265.000,33.280,32.020
-1.290,6.140,6.110,-0.080,118088.000,6.230,6.110
-3.710,43.880,45.120,-1.690,8919932.000,45.250,43.760
-1.530,55.330,55.780,-0.860,2217267.000,55.970,55.290
-0.170,68.960,68.440,-0.120,1364237.000,69.210,67.740
-0.860,107.870,107.320,-0.940,125374.000,109.500,107.160
-0.420,31.060,30.820,-0.130,88744.000,31.560,30.430
-1.970,10.930,10.990,-0.220,1071134.000,11.100,10.870
0.330,52.100,51.510,0.170,1362287.000,52.145,51.130
-1.350,28.510,28.740,-0.390,1909722.000,28.850,28.420
-1.600,52.310,52.710,-0.850,354140.000,53.190,52.230
0.900,33.800,32.950,0.300,10324055.000,33.985,32.850
-1.400,213.490,215.490,-3.030,3324830.000,216.080,213.000
-0.640,51.300,51.360,-0.330,2254538.000,51.500,51.120
-0.540,31.100,30.900,-0.170,3543335.000,31.200,30.510
-0.580,20.700,20.570,-0.120,8425.000,20.900,20.450
-1.180,10.010,9.970,-0.120,128266377.000,10.070,9.880
-2.310,43.470,44.280,-1.030,52372.000,44.300,43.270
0.170,40.160,39.660,0.070,58745.000,40.570,39.650
-1.590,11.150,11.140,-0.180,104669.000,11.470,11.090
1.790,281.530,280.570,4.950,5821033.000,285.500,277.400
-0.380,55.460,55.170,-0.210,9485678.000,55.960,54.860
-1.110,32.910,32.840,-0.370,97603.000,33.210,32.790
-0.030,64.480,63.640,-0.020,817326.000,64.530,63.230
-2.470,7.910,8.020,-0.200,278037.000,8.110,7.880
-0.760,24.690,24.600,-0.190,380100.000,25.020,24.510
-0.390,20.640,20.450,-0.080,4092773.000,20.980,20.350
-0.260,34.660,34.450,-0.090,63251.000,35.080,34.450
-0.500,19.950,19.880,-0.100,389624.000,20.270,19.840
-3.710,10.650,10.910,-0.410,674503.000,10.980,10.600
-0.550,9.000,9.030,-0.050,1249475.000,9.060,8.930
-0.320,15.430,15.150,-0.050,299821.000,15.530,15.120
0.350,5.710,5.660,0.020,977704.000,5.830,5.650
-0.140,34.630,34.400,-0.050,1270563.000,34.840,34.270
0.060,72.600,71.200,0.040,1478115.000,72.770,71.150
-1.530,15.480,15.570,-0.240,729957.000,15.700,15.380
-0.490,32.560,32.680,-0.160,578201.000,32.700,32.280
0.000,9.170,9.080,0.000,342978.000,9.280,9.080
-1.210,13.030,12.990,-0.160,398164.000,13.180,12.810
-0.930,5.320,5.380,-0.050,389782.000,5.410,5.210
-1.090,44.370,44.450,-0.490,442927.000,44.670,44.130
-1.330,32.000,31.950,-0.430,1355004.000,32.380,31.680
-1.360,15.920,16.060,-0.220,53612.000,16.080,15.920
-0.930,16.980,16.910,-0.160,188187.000,17.140,16.840
-0.740,40.130,40.230,-0.300,471144.000,40.520,40.040
0.330,67.600,66.790,0.220,1339281.000,68.000,66.420
-2.300,17.850,18.090,-0.420,301298.000,18.291,17.810
-2.180,26.430,26.490,-0.590,5186805.000,26.580,26.370
-0.900,10.960,10.940,-0.100,537146.000,11.130,10.840
-0.750,1.330,1.330,-0.010,446447.000,1.360,1.320
-0.300,72.030,71.880,-0.220,121552.000,72.420,71.880
-1.680,16.940,17.040,-0.290,1674007.000,17.100,16.800
-1.170,50.800,50.840,-0.600,190212.000,51.710,50.650
-1.440,10.970,10.980,-0.160,177443.000,11.190,10.820
-0.430,142.880,142.320,-0.610,152805.000,144.240,141.470
-1.020,91.370,91.300,-0.940,33963.000,92.310,91.130
0.490,71.150,70.480,0.350,2166999.000,71.500,70.080
-1.540,39.760,40.010,-0.620,7915437.000,40.090,39.680
-1.580,22.400,22.700,-0.360,1664622.000,22.750,22.390
-0.740,20.060,19.970,-0.150,88894.000,20.260,19.921
-2.790,41.140,41.600,-1.180,1700574.000,42.390,41.050
-1.160,18.790,18.760,-0.220,1241667.000,18.890,18.660
-0.380,13.100,13.000,-0.050,12021588.000,13.200,12.920
-0.380,23.680,23.430,-0.090,2679712.000,23.800,23.320
-0.300,23.100,22.870,-0.070,28163.000,23.170,22.810
-1.040,26.530,26.550,-0.280,401441.000,26.750,26.480
-0.420,9.460,9.450,-0.040,1434752.000,9.510,9.250
-0.240,16.640,16.510,-0.040,549032.000,16.760,16.500
-1.400,38.800,38.990,-0.550,77116.000,39.090,38.750
-0.160,38.080,37.670,-0.060,182796.000,38.500,37.391
-1.170,36.170,36.200,-0.430,425168.000,36.430,35.990
-1.140,18.220,18.250,-0.210,356663.000,18.440,18.210
-0.240,29.650,29.560,-0.070,3551862.000,29.830,29.320
-3.470,4.450,4.580,-0.160,192609.000,4.620,4.450
-1.250,20.560,20.640,-0.260,184988.000,20.850,20.530
0.000,33.910,33.410,0.000,313888.000,34.060,32.990
-2.540,27.680,27.890,-0.720,89781.000,28.345,27.310
-0.610,26.050,25.780,-0.160,911942.000,26.604,25.780
-1.120,67.770,67.890,-0.770,208439.000,68.430,67.510
-4.550,1.890,1.910,-0.090,521782.000,1.970,1.880
-1.380,17.930,18.040,-0.250,211631.000,18.070,17.920
-0.330,29.790,29.650,-0.100,1614551.000,29.880,29.517
-2.030,32.780,33.070,-0.680,50238.000,33.110,32.751
-1.450,80.050,80.640,-1.180,120154.000,80.770,79.990
-1.840,19.710,19.900,-0.370,393390.000,20.130,19.640
0.000,36.700,36.020,0.000,5817283.000,36.860,36.020
-0.920,15.110,15.090,-0.140,2920881.000,15.230,15.000
-1.140,39.000,39.100,-0.450,287936.000,39.580,38.950
-1.450,65.050,65.050,-0.960,306.000,65.050,65.050
-1.380,21.500,21.520,-0.300,282609.000,21.770,21.410
-1.600,17.800,17.950,-0.290,250166.000,17.978,17.780
0.060,71.270,69.930,0.040,508854.000,71.770,69.570
-0.540,53.500,53.310,-0.290,35338.000,54.020,53.310
0.230,73.700,72.990,0.170,842725.000,74.560,72.910
-0.920,29.080,28.970,-0.270,1496600.000,29.310,28.640
-0.680,46.940,46.800,-0.320,61869.000,47.190,46.570
-0.040,112.230,110.570,-0.050,112489.000,112.608,110.383
-1.520,5.170,5.190,-0.080,60967.000,5.220,5.150
-1.840,11.190,11.270,-0.210,18265.000,11.480,10.660
0.140,7.210,7.150,0.010,553634.000,7.360,7.020
-0.860,21.810,21.840,-0.190,20172.000,22.040,21.590
2.500,5.740,5.340,0.140,31424.000,5.825,5.340
-1.320,18.010,18.180,-0.240,3517331.000,18.240,18.010
-2.940,0.660,0.675,-0.020,305248.000,0.680,0.650
-0.380,164.620,163.740,-0.630,1077639.000,165.000,163.310
-1.180,62.870,62.960,-0.750,1378584.000,63.280,62.670
-3.880,9.900,10.130,-0.400,1381386.000,10.170,9.880
-0.510,13.610,13.460,-0.070,275579.000,13.790,13.330
-0.820,12.140,11.990,-0.100,74335.000,12.300,11.990
-2.020,66.850,67.380,-1.380,117769.000,67.910,66.720
-0.920,42.960,43.040,-0.400,793901.000,43.300,42.840
-1.460,89.690,90.300,-1.330,49467.000,90.530,89.450
-1.990,22.170,22.140,-0.450,42041.000,22.730,22.110
-1.430,22.050,22.000,-0.320,1235274.000,22.140,21.900
1.280,7.130,7.000,0.090,595745.000,7.270,7.000
-0.490,20.290,20.310,-0.100,1045979.000,20.360,20.130
0.160,73.820,72.810,0.120,535607.000,74.590,72.760
0.110,18.180,17.890,0.020,196681.000,18.579,17.751
-1.680,39.690,39.750,-0.680,409736.000,40.100,39.690
0.120,40.400,40.120,0.050,5004225.000,40.445,39.915
-0.470,107.370,106.050,-0.510,2962830.000,108.100,105.860
0.190,20.770,20.435,0.040,3093550.000,20.980,20.370
-2.290,1.280,1.280,-0.030,4257771.000,1.320,1.270
-0.180,5.610,5.590,-0.010,20727.000,5.680,5.560
3.160,87.130,86.080,2.670,1280830.000,87.960,85.910
-0.550,35.890,35.690,-0.200,12044016.000,36.052,35.680
1.650,156.540,153.320,2.540,10017903.000,157.900,152.760
-0.170,29.770,29.740,-0.050,3049452.000,29.840,29.696
-0.600,61.790,61.550,-0.370,711063.000,62.060,61.375
-0.820,30.260,30.140,-0.250,329356.000,30.550,29.788
0.490,0.266,0.261,0.001,338670.000,0.285,0.255
-0.480,56.010,55.770,-0.270,62325.000,56.635,55.560
-0.870,20.450,20.350,-0.180,37447.000,20.630,20.280
-0.750,79.900,79.440,-0.600,150390.000,80.750,79.050
-1.790,6.590,6.650,-0.120,6061353.000,6.650,6.550
-1.190,34.950,34.500,-0.420,177533.000,36.180,34.340
-0.570,73.810,74.020,-0.420,72289.000,74.410,73.300
-2.840,12.990,13.250,-0.380,96260.000,13.440,12.990
-1.050,74.480,74.630,-0.790,1007462.000,75.440,74.200
-1.100,31.490,31.570,-0.350,194026.000,31.870,31.420
-3.170,25.650,26.010,-0.840,1606710.000,26.320,25.530
0.110,9.530,9.400,0.010,139505.000,9.820,9.400
-0.510,39.160,39.140,-0.200,387347.000,39.850,38.810
-1.300,19.810,19.880,-0.260,31503656.000,19.990,19.810
0.020,42.470,41.990,0.010,98569.000,42.980,41.600
-0.340,43.980,44.040,-0.150,1243813.000,44.080,43.950
-0.890,38.770,38.550,-0.350,826322.000,39.120,38.330
-1.400,7.020,7.060,-0.100,168004.000,7.139,7.000
-1.030,12.530,12.440,-0.130,9458304.000,12.570,12.440
-1.390,14.850,14.970,-0.210,333039.000,15.000,14.840
-0.090,11.350,11.280,-0.010,462964.000,11.510,11.190
0.050,21.360,21.120,0.010,204175.000,21.650,21.120
-1.890,76.680,77.550,-1.480,1462991.000,77.880,76.240
-0.910,26.220,26.035,-0.240,189880.000,26.400,26.035
0.530,17.130,16.900,0.090,15198026.000,17.220,16.820
-0.600,24.770,24.650,-0.150,129851.000,24.920,24.500
-0.410,86.610,85.900,-0.360,980500.000,87.130,85.010
-1.180,42.830,42.850,-0.510,2514372.000,43.430,42.770
-1.440,16.410,16.470,-0.240,112850.000,16.650,16.360
0.000,3.140,3.120,0.000,177395.000,3.240,3.090
-0.230,4.390,4.380,-0.010,355352.000,4.420,4.310
0.030,39.550,39.330,0.010,1300101.000,39.600,39.020
-3.260,23.140,23.510,-0.780,57572.000,23.810,23.100
-0.320,31.320,31.190,-0.100,137034.000,31.705,30.980
0.890,66.720,65.330,0.590,2226543.000,67.890,65.330
-0.500,34.040,33.630,-0.170,419699.000,34.370,33.550
-4.820,22.520,23.420,-1.140,35931.000,24.220,22.500
-0.080,26.640,26.490,-0.020,658310.000,26.790,26.440
-1.620,11.570,11.580,-0.190,20703.000,11.820,11.550
0.220,9.190,9.170,0.020,1221523.000,9.200,9.170
-1.090,17.190,17.150,-0.190,2077072.000,17.310,17.030
-0.540,25.810,25.580,-0.140,4560352.000,25.930,25.380
-0.640,31.220,31.100,-0.200,3406735.000,31.660,30.930
-4.580,5.620,5.840,-0.270,3861.000,5.880,5.540
-2.510,49.800,50.580,-1.280,4045886.000,51.042,49.750
-0.670,47.330,47.160,-0.320,103766.000,47.620,47.111
-1.330,28.200,28.130,-0.380,23478.000,28.750,28.000
0.020,49.250,48.800,0.010,440391.000,49.710,48.800
-0.580,54.900,55.220,-0.320,3155597.000,55.360,54.710
4.660,22.030,20.980,0.980,2584795.000,22.100,20.980
-3.330,1.160,1.180,-0.040,201348.000,1.200,1.140
-2.610,24.620,25.130,-0.660,13856.000,25.220,24.550
-0.210,32.490,32.260,-0.070,1745737.000,32.770,32.200
-0.890,33.280,33.380,-0.300,215855.000,33.620,33.160
-1.480,10.000,10.040,-0.150,273035.000,10.140,9.950
-1.340,129.140,130.000,-1.760,299573.000,131.430,128.710
-0.520,15.290,15.300,-0.080,442837.000,15.450,15.195
0.270,91.930,90.790,0.250,356319.000,92.610,90.690
1.060,37.090,36.270,0.390,19070300.000,37.400,36.220
-1.210,46.630,46.810,-0.570,668952.000,46.880,46.420
-0.860,5.790,5.790,-0.050,227954.000,5.870,5.780
-1.010,400.990,401.020,-4.110,381226.000,403.490,397.670
0.770,74.320,73.090,0.570,1742119.000,74.530,73.010
-2.050,16.230,16.340,-0.340,291560.000,16.605,16.230
0.440,31.850,31.400,0.140,1073040.000,32.070,31.320
-0.640,48.450,48.070,-0.310,794830.000,48.930,47.916
-2.800,4.510,4.600,-0.130,72130.000,4.620,4.480
-1.520,79.250,79.770,-1.220,162656.000,79.990,78.980
-2.170,42.790,42.920,-0.950,473382.000,43.410,42.600
0.480,4.230,4.150,0.020,191247.000,4.250,4.150
-2.510,8.160,8.270,-0.210,43911.000,8.310,8.120
-1.660,19.000,19.040,-0.320,53565.000,19.130,18.880
-1.160,33.950,33.860,-0.400,407079.000,34.260,33.600
-0.710,33.420,33.190,-0.240,3319460.000,33.740,33.100
-2.000,33.770,34.100,-0.690,205516.000,34.450,33.740
-0.160,50.290,50.020,-0.080,1448207.000,50.540,49.860
-0.980,97.100,96.930,-0.960,609663.000,97.669,96.620
0.530,72.310,70.530,0.380,1165527.000,73.160,70.260
-1.360,2.900,2.900,-0.040,168652.000,2.940,2.840
-0.440,45.710,45.250,-0.200,2319864.000,45.970,45.120
-1.110,33.010,33.050,-0.370,10318.000,33.550,32.910
-1.250,26.080,26.140,-0.330,222583.000,26.420,26.010
-0.840,51.800,51.660,-0.440,3352765.000,52.300,51.431
0.180,38.310,38.310,0.070,35873780.000,38.360,38.290
-3.000,49.450,50.480,-1.530,1104821.000,50.790,49.340
-4.420,8.860,9.160,-0.410,241352.000,9.250,8.850
-0.630,40.750,40.820,-0.260,32788.000,40.940,40.230
-2.070,13.690,13.840,-0.290,16593203.000,13.880,13.680
-0.430,61.820,61.610,-0.270,292840.000,62.500,61.280
-1.060,12.180,12.180,-0.130,344756.000,12.280,11.960
-0.110,91.800,91.470,-0.100,1292058.000,92.405,90.830
-3.010,14.500,14.720,-0.450,59444.000,14.902,14.500
-1.220,4.840,4.820,-0.060,18407.000,4.930,4.820
-1.340,53.840,54.340,-0.730,2716588.000,54.450,53.790
-2.500,19.860,20.130,-0.510,637740.000,20.290,19.800
-0.020,49.300,49.030,-0.010,248474.000,49.560,48.790
-0.120,529.750,529.000,-0.620,447917.000,540.000,529.000
-1.150,84.900,85.420,-0.990,469376.000,85.720,84.870
-2.330,45.680,46.280,-1.090,116271.000,47.280,45.540
0.450,31.230,30.260,0.140,249057.000,31.410,30.240
-0.960,13.390,13.340,-0.130,1621215.000,13.480,13.260
-0.040,80.180,80.100,-0.030,1201402.000,80.220,80.100
-2.100,57.740,58.520,-1.240,1615683.000,58.980,57.620
-0.240,8.450,8.460,-0.020,454451.000,8.470,8.450
-0.910,40.320,40.300,-0.370,79268.000,40.760,40.190
-1.130,56.810,56.920,-0.650,11289682.000,57.510,56.660
-2.310,54.100,54.600,-1.280,2251255.000,54.630,54.000
