-3.380,11.450,11.840,-0.400,218466.000,11.840,11.340
0.600,21.760,21.590,0.130,177173.000,21.760,21.520
-0.680,13.050,13.170,-0.090,296568.000,13.170,12.990
-1.450,67.890,68.720,-1.000,166091.000,68.860,67.680
0.320,6.250,6.190,0.020,792334.000,6.260,6.050
-0.440,33.820,33.780,-0.150,1201923.000,34.030,33.440
0.890,53.270,52.700,0.470,786260.000,53.800,52.480
-0.540,25.750,25.930,-0.140,1220976.000,25.930,25.550
-0.160,36.590,36.700,-0.060,1944397.000,36.730,36.310
-0.640,18.570,18.650,-0.120,2567970.000,19.090,18.470
-0.490,46.620,46.830,-0.230,8243.000,46.830,45.990
-0.840,57.690,57.970,-0.490,1450770.000,58.080,57.480
0.730,37.500,37.110,0.270,2255070.000,37.560,36.900
-2.360,18.230,18.590,-0.440,112547.000,18.590,18.070
-2.790,20.190,20.780,-0.580,23752.000,20.780,20.020
0.780,19.500,19.350,0.150,310634.000,19.640,19.290
6.720,37.150,35.200,2.340,1132808.000,37.490,35.200
0.570,15.880,15.780,0.090,352986.000,15.920,15.510
-0.610,3.270,3.300,-0.020,1937071.000,3.350,3.190
-0.670,53.130,53.430,-0.360,755162.000,53.430,52.610
-0.540,11.110,11.140,-0.060,106165.000,11.170,11.060
-3.460,4.750,4.900,-0.170,102843.000,4.900,4.600
-0.160,74.150,74.170,-0.120,2764730.000,74.730,73.850
-0.490,16.360,16.480,-0.080,32196.000,16.480,16.280
1.340,10.560,10.400,0.140,20207.000,10.570,10.400
-0.280,25.070,25.210,-0.070,79879.000,25.274,24.980
1.330,15.250,15.070,0.200,238447.000,15.870,14.975
0.430,37.650,37.460,0.160,54927.000,37.680,37.140
-1.520,12.270,12.410,-0.190,3808002.000,12.430,12.140
-0.830,19.040,19.220,-0.160,41320210.000,19.250,18.910
0.910,13.350,13.230,0.120,256119.000,13.610,12.900
0.540,5.630,5.600,0.030,286542.000,5.650,5.580
-1.400,16.910,17.150,-0.240,309539.000,17.150,16.770
-1.040,53.050,53.210,-0.560,878214.000,53.680,52.250
1.260,12.880,12.700,0.160,301542.000,12.920,12.650
0.820,51.340,50.870,0.420,413555.000,51.400,50.600
-0.450,33.450,33.610,-0.150,192431.000,33.660,33.240
-0.650,15.200,15.290,-0.100,1056605.000,15.310,14.820
-0.860,47.120,47.630,-0.410,2867140.000,47.800,46.821
0.480,67.620,67.290,0.320,9684194.000,67.670,67.250
-3.750,10.020,10.410,-0.390,486831.000,10.410,9.980
-1.790,4.930,5.000,-0.090,110656.000,5.000,4.880
0.110,87.100,86.970,0.100,491190.000,87.450,86.950
28.380,85.080,84.290,18.810,2118461.000,85.240,84.070
-1.030,67.150,68.170,-0.700,255067.000,68.170,66.710
-1.750,17.970,18.330,-0.320,2952120.000,18.380,17.910
0.510,37.560,37.310,0.190,114166.000,37.840,37.161
0.540,14.890,14.870,0.080,45926.000,15.010,14.760
-0.560,31.790,32.120,-0.180,6725157.000,32.290,31.510
0.660,67.190,66.900,0.440,7142892.000,68.160,66.790
-0.810,53.780,54.170,-0.440,2576273.000,54.170,53.520
-5.100,8.750,9.200,-0.470,141202.000,9.200,8.520
1.660,25.670,25.240,0.420,176588.000,25.730,25.150
-0.620,8.020,8.010,-0.050,1140722.000,8.070,7.910
-0.360,8.190,8.100,-0.030,24522.000,8.200,8.020
0.860,4.670,4.630,0.040,1308455.000,4.690,4.520
0.220,13.460,13.460,0.030,1148188.000,13.480,13.320
3.120,11.900,11.760,0.360,3050807.000,12.100,11.540
1.410,9.320,9.410,0.130,2039132.000,9.440,9.150
-0.020,64.260,64.100,-0.010,9095128.000,64.500,63.950
1.220,7.440,7.400,0.090,29795.000,7.440,7.270
-0.980,23.140,23.300,-0.230,2341064.000,23.305,23.020
1.320,79.800,78.540,1.040,2794600.000,80.430,78.490
1.420,9.970,9.840,0.140,582606.000,9.980,9.750
0.660,60.850,60.480,0.400,275428.000,60.910,60.250
1.840,80.460,78.970,1.450,407828.000,80.499,78.530
-5.840,2.740,2.910,-0.170,251381.000,2.930,2.740
1.650,1.230,1.210,0.020,354763.000,1.248,1.200
1.060,34.240,33.760,0.360,1845578.000,34.300,33.760
0.780,89.990,89.390,0.700,324603.000,90.250,89.232
-2.310,12.280,12.570,-0.290,534768.000,12.580,12.220
-0.890,11.180,11.350,-0.100,607480.000,11.360,11.050
0.740,63.000,62.590,0.460,781447.000,63.050,62.300
-1.160,88.000,88.750,-1.030,601489.000,88.750,87.380
0.050,37.820,37.740,0.020,11537256.000,37.860,37.550
0.580,41.640,41.410,0.240,1884587.000,41.740,40.770
1.090,30.570,30.260,0.330,5992617.000,30.660,29.960
0.200,4.960,4.940,0.010,159579.000,4.970,4.910
-0.910,41.570,41.880,-0.380,4259284.000,41.990,41.425
-0.350,19.760,19.800,-0.070,5484108.000,19.840,19.660
-0.450,24.550,24.670,-0.110,9385.000,24.670,24.290
0.270,44.170,43.430,0.120,2425199.000,44.640,43.070
3.000,6.190,6.030,0.180,1351753.000,6.250,6.030
-0.450,50.350,50.520,-0.230,177903.000,50.840,50.220
-0.450,96.700,96.640,-0.440,1309431.000,96.990,95.200
-1.210,22.890,23.090,-0.280,3152532.000,23.090,22.770
0.630,13.660,13.600,0.085,3950331.000,13.660,13.450
-0.560,30.310,30.480,-0.170,252288.000,30.550,30.049
-0.600,37.910,38.200,-0.230,23342.000,38.200,37.500
-0.410,41.400,41.720,-0.170,331074.000,41.740,40.420
-1.000,29.680,30.200,-0.300,6660807.000,30.320,29.590
-2.000,26.510,26.930,-0.540,4212702.000,27.030,26.270
0.880,21.830,21.700,0.190,825615.000,21.880,21.630
-1.130,34.870,35.270,-0.400,236581.000,35.310,34.750
2.400,7.250,7.040,0.170,1080087.000,7.500,7.040
2.960,6.960,6.760,0.200,2429514.000,7.050,6.710
-0.340,11.800,11.830,-0.040,2956043.000,11.840,11.700
-2.260,9.940,10.020,-0.230,8296312.000,10.070,9.580
1.080,17.810,17.520,0.190,328103.000,17.970,17.460
-1.840,104.090,106.000,-1.950,15593.000,106.000,103.810
3.070,22.820,22.180,0.680,94762.000,22.870,21.910
0.000,1.710,1.720,0.000,191707.000,1.730,1.690
-0.760,6.550,6.470,-0.050,2672686.000,6.690,6.470
-1.630,44.530,45.290,-0.740,1639980.000,45.420,44.230
-0.740,55.320,55.730,-0.410,57369.000,55.730,54.940
-0.380,33.780,33.860,-0.130,1692175.000,33.910,33.200
4.400,7.360,7.040,0.310,56641.000,7.400,7.040
-0.420,44.910,44.950,-0.190,531575.000,45.110,44.820
2.240,41.920,41.270,0.920,1615023.000,42.550,41.110
1.910,3.200,3.120,0.060,91399.000,3.210,3.050
0.920,17.550,17.310,0.160,508572.000,17.560,17.120
-0.140,34.670,34.650,-0.050,1702750.000,34.920,34.600
0.530,15.190,15.300,0.080,10763152.000,15.340,15.050
0.690,13.210,13.120,0.090,8845207.000,13.250,13.060
0.420,59.500,59.350,0.250,71542.000,59.920,59.146
-1.270,53.590,54.160,-0.690,2475560.000,54.390,53.530
-49.570,32.630,32.610,-32.070,1643377.000,32.960,32.010
-0.690,89.510,89.860,-0.620,3999647.000,90.570,89.220
3.240,11.160,10.810,0.350,61012.000,11.160,10.770
-0.070,41.120,41.130,-0.030,411210.000,41.390,40.680
0.180,10.950,10.950,0.020,1753808.000,11.180,10.900
0.000,8.130,8.180,0.000,28733.000,8.240,8.030
-0.580,42.900,43.240,-0.250,1226926.000,43.240,42.670
2.690,13.750,13.480,0.360,290816.000,13.860,13.290
-1.200,15.670,15.870,-0.190,43496374.000,15.920,15.550
-0.850,54.970,55.260,-0.470,409259.000,55.740,54.630
-0.300,10.100,10.190,-0.030,2268223.000,10.240,10.010
0.310,113.510,113.010,0.350,1347533.000,113.830,111.370
-1.830,9.120,9.370,-0.170,10994912.000,9.410,9.110
0.070,13.700,13.710,0.010,13909637.000,13.790,13.360
-1.510,3.270,3.300,-0.050,1354049.000,3.330,3.220
4.480,1.400,1.370,0.060,1442206.000,1.440,1.350
1.260,27.340,26.940,0.340,80600.000,27.530,26.920
-0.500,19.740,19.820,-0.100,2562371.000,19.920,19.650
1.160,55.050,54.310,0.630,760876.000,55.270,54.191
-0.380,36.590,36.630,-0.140,9788503.000,36.850,36.430
-1.030,84.810,85.500,-0.880,849588.000,85.500,84.400
0.810,47.520,47.280,0.380,102614.000,48.099,46.980
-0.470,25.390,25.480,-0.120,427840.000,25.670,25.370
-2.310,50.420,51.690,-1.190,1648246.000,51.880,49.860
-0.610,55.450,55.750,-0.340,1078097.000,55.900,55.235
-0.280,17.810,17.910,-0.050,27777.000,17.910,17.590
0.180,16.740,16.740,0.030,139367.000,16.800,16.650
0.830,1.220,1.230,0.010,474825.000,1.240,1.200
-0.010,85.640,85.410,-0.010,5039156.000,85.990,85.330
-2.380,12.690,12.910,-0.310,1039723.000,13.000,12.530
-0.050,56.090,56.010,-0.030,348115.000,56.420,55.760
-0.220,53.390,53.340,-0.120,9142242.000,53.555,53.020
1.590,35.110,34.390,0.550,79204.000,35.120,34.180
0.750,10.720,10.640,0.080,31520.000,10.720,10.610
-0.290,27.910,28.040,-0.080,3021971.000,28.100,27.755
1.360,19.330,19.740,0.260,2944296.000,19.750,19.240
-0.560,24.760,24.800,-0.140,1852799.000,24.990,24.710
0.000,7.220,7.220,0.000,87100.000,7.280,7.150
-0.630,9.470,9.540,-0.060,67122.000,9.580,9.396
-1.020,4.840,4.850,-0.050,886663.000,4.890,4.760
-2.210,29.190,29.840,-0.660,261379.000,29.890,29.160
-0.470,34.040,34.200,-0.160,928346.000,34.210,33.900
-0.400,67.040,67.320,-0.270,252612.000,67.860,66.630
-4.560,2.930,3.110,-0.140,12970282.000,3.120,2.930
-0.480,50.070,50.060,-0.240,1119235.000,50.460,49.480
0.290,54.790,54.710,0.160,219971.000,54.930,54.470
0.320,12.670,12.680,0.040,895183.000,12.900,12.590
-0.600,18.170,18.340,-0.110,6076758.000,18.500,18.140
-0.520,51.520,51.720,-0.270,2909555.000,51.810,51.250
0.410,46.370,46.240,0.190,878566.000,46.960,46.140
0.380,39.290,39.010,0.150,999908.000,39.450,38.910
2.710,39.070,37.960,1.030,1248533.000,39.390,37.780
-3.450,1.120,1.170,-0.040,757968.000,1.200,1.110
0.310,73.900,73.670,0.230,1490651.000,74.190,73.210
-0.430,76.530,76.730,-0.330,622801.000,76.950,76.140
-0.560,53.660,53.790,-0.300,5400267.000,53.980,53.380
0.820,11.100,11.030,0.090,249561.000,11.185,10.980
-0.540,11.140,11.260,-0.060,299012.000,11.260,11.010
2.910,20.130,19.510,0.570,281530.000,20.170,19.480
0.110,47.040,46.990,0.050,185463.000,47.330,46.110
0.030,33.060,33.010,0.010,21036677.000,33.140,32.790
-1.890,70.770,71.740,-1.360,216192.000,72.000,70.590
-1.430,22.040,22.360,-0.320,90146.000,22.410,21.790
-0.450,50.740,50.890,-0.230,127710.000,50.890,50.370
1.030,105.160,104.110,1.070,6607200.000,105.760,104.110
-1.610,23.190,23.620,-0.380,60038.000,23.680,22.854
-0.160,31.360,31.360,-0.050,16435.000,31.370,30.751
-0.830,8.330,8.430,-0.070,135908.000,8.560,8.280
0.260,30.880,30.790,0.080,82190.000,31.170,30.550
-0.770,84.550,85.380,-0.660,167948.000,85.380,84.400
1.010,9.010,8.920,0.090,247345.000,9.010,8.860
-1.510,3.910,3.980,-0.060,714637.000,4.030,3.880
-0.500,110.420,110.910,-0.550,468246.000,111.830,110.020
-3.070,11.050,11.420,-0.350,25643.000,11.420,10.960
0.700,57.940,57.270,0.400,2600625.000,58.570,56.690
-0.500,25.630,25.740,-0.130,274194.000,25.850,25.425
-1.220,22.700,22.940,-0.280,1165664.000,22.940,22.510
-0.590,32.280,32.540,-0.190,504932.000,32.540,32.180
-1.090,23.610,23.890,-0.260,945171.000,23.920,23.517
1.650,7.400,7.280,0.120,217663.000,7.467,7.190
3.570,28.150,27.250,0.970,4036529.000,28.180,27.200
-0.980,58.530,59.080,-0.580,2959649.000,59.500,58.460
1.310,53.480,53.190,0.690,2895178.000,53.700,52.400
0.920,32.820,32.430,0.300,289910.000,33.000,32.280
1.800,349.430,343.000,6.170,12556254.000,349.830,342.500
0.190,10.290,10.260,0.020,23749.000,10.290,10.190
-0.570,45.060,45.340,-0.260,969009.000,45.500,45.010
-0.380,15.860,15.900,-0.060,9011045.000,15.960,15.790
-0.370,6.710,6.790,-0.025,898989.000,6.800,6.580
-11.650,13.270,13.830,-1.750,2301472.000,14.020,13.110
-1.320,62.200,62.980,-0.830,2224623.000,63.140,62.200
-0.540,107.910,108.620,-0.590,1292181.000,109.140,107.560
-0.190,80.470,80.800,-0.150,787841.000,80.940,80.100
-0.190,108.410,107.920,-0.210,6639227.000,108.780,107.340
-1.230,13.690,13.860,-0.170,8686.000,13.860,13.600
0.460,32.710,32.500,0.150,221462.000,32.940,32.410
0.530,5.740,5.700,0.030,30358.000,5.750,5.410
-0.150,47.120,47.250,-0.070,359508.000,47.550,46.960
-0.260,66.040,66.220,-0.170,1124755.000,66.350,65.650
-0.620,25.740,25.860,-0.160,2269862.000,25.890,25.640
-2.910,18.360,18.930,-0.550,195939.000,19.070,18.290
-0.150,59.300,59.490,-0.090,2340279.000,59.500,58.990
-1.450,53.070,53.850,-0.780,1158341.000,53.850,52.550
-0.410,53.670,54.000,-0.220,2220733.000,54.000,53.510
-1.370,10.760,10.880,-0.150,378088.000,10.890,10.630
0.590,17.150,17.060,0.100,27042.000,17.160,16.790
-0.940,60.310,60.940,-0.570,2319028.000,60.990,60.020
0.230,52.360,52.290,0.120,2023705.000,52.700,51.990
1.470,17.220,17.110,0.250,1529082.000,17.410,16.780
-0.260,54.380,54.320,-0.140,2917732.000,54.590,53.880
0.480,25.280,25.150,0.120,137226.000,25.670,24.930
0.190,5.290,5.280,0.010,31246.000,5.300,5.250
0.420,121.430,121.340,0.510,1842121.000,124.590,120.500
0.160,82.710,81.580,0.130,4103.000,82.710,81.580
1.450,69.220,68.670,0.990,1262677.000,69.445,68.100
-0.490,24.400,24.530,-0.120,299705.000,24.600,24.350
-1.620,43.650,44.220,-0.720,617638.000,44.540,43.370
-1.740,86.770,88.000,-1.540,817865.000,88.000,86.570
1.450,24.420,24.150,0.350,163052.000,24.510,24.150
-0.130,39.300,39.400,-0.050,279213.000,39.650,39.040
1.550,33.340,32.870,0.510,1046728.000,33.400,32.530
-1.130,56.190,56.720,-0.640,3105662.000,56.900,55.910
-0.970,194.510,195.440,-1.910,393854.000,196.350,194.180
1.590,57.650,56.980,0.900,2303859.000,57.910,56.670
-0.390,91.490,91.600,-0.360,994933.000,91.760,91.000
1.970,9.330,9.190,0.180,50371.000,9.340,9.080
-0.080,121.440,121.760,-0.100,38426.000,122.040,120.080
0.230,60.840,60.630,0.140,333430.000,61.160,60.300
0.320,46.810,46.760,0.150,871019.000,47.750,46.530
-0.780,19.010,19.150,-0.150,1383784.000,19.150,18.960
-0.670,14.820,14.880,-0.100,86310.000,15.000,14.620
-0.860,15.050,15.170,-0.130,2163744.000,15.170,14.850
-0.860,15.050,15.170,-0.130,2163744.000,15.170,14.850
2.060,56.480,55.320,1.140,744591.000,56.580,54.880
0.480,44.100,43.780,0.210,12336053.000,44.350,43.280
-0.060,54.440,54.360,-0.030,4216382.000,54.900,54.360
-0.350,17.320,17.480,-0.060,1788237.000,17.500,16.890
0.050,18.990,19.040,0.010,122191.000,19.300,18.980
0.540,16.840,16.770,0.090,26289.000,16.920,16.720
-5.050,22.730,23.870,-1.210,8253359.000,23.870,22.590
4.900,3.210,3.050,0.150,456921.000,3.210,3.010
-0.680,7.350,7.400,-0.050,483958.000,7.450,7.260
-1.020,17.550,17.720,-0.180,1667484.000,17.740,17.450
3.910,71.410,69.170,2.690,2965515.000,71.670,68.650
-2.770,54.130,55.450,-1.540,3199037.000,55.450,53.520
-1.060,95.500,96.170,-1.020,1869514.000,96.250,95.200
-0.420,23.440,24.000,-0.100,1338077.000,24.120,23.400
1.260,13.630,13.510,0.170,793568.000,14.000,13.510
1.120,36.230,35.910,0.400,58726.000,36.490,35.910
2.120,10.100,9.880,0.210,1678471.000,10.190,9.780
0.590,1.710,1.700,0.010,1094605.000,1.720,1.660
-0.730,132.090,132.030,-0.970,965360.000,133.210,131.210
-0.040,50.340,50.420,-0.020,3308225.000,50.440,50.340
-1.120,8.790,8.810,-0.100,55535.000,8.880,8.740
-0.160,297.140,296.140,-0.480,289638.000,298.530,294.510
-1.360,12.330,12.480,-0.170,64270.000,12.490,12.140
1.640,34.130,33.680,0.550,103174.000,34.174,33.680
1.150,63.510,62.720,0.720,359740.000,63.550,62.090
0.850,95.910,95.260,0.810,173331.000,96.660,94.950
-0.640,10.890,10.980,-0.070,1999480.000,11.050,10.740
-2.100,4.670,4.730,-0.100,265578.000,4.770,4.660
-0.280,28.650,28.750,-0.080,337018.000,28.770,28.520
0.050,55.490,55.230,0.030,23076.000,55.720,55.050
2.750,53.750,52.790,1.440,1583562.000,53.990,52.590
0.700,62.860,62.380,0.440,74709.000,62.910,62.130
-0.380,60.770,61.010,-0.230,1706694.000,61.250,60.190
-1.790,32.920,33.400,-0.600,9269707.000,33.500,32.810
4.630,6.100,5.840,0.270,121950.000,6.100,5.840
0.170,23.410,23.000,0.040,1121751.000,23.745,22.960
1.820,16.820,16.540,0.300,281236.000,16.890,16.540
-0.680,23.400,23.480,-0.160,3696175.000,23.550,23.290
-2.060,31.380,31.860,-0.660,81062.000,32.110,31.210
-1.120,7.960,8.070,-0.090,141536.000,8.070,7.890
1.520,44.000,43.340,0.660,123282.000,44.000,43.230
-2.030,40.610,41.240,-0.840,2451233.000,41.359,40.405
0.540,22.370,22.330,0.120,735536.000,22.480,22.090
-0.980,16.200,16.290,-0.160,6493139.000,16.290,16.010
0.250,73.120,73.300,0.180,309794.000,73.300,72.551
-1.370,17.330,17.540,-0.240,16304.000,17.540,17.210
0.820,49.400,49.060,0.400,97647.000,49.490,48.861
3.120,24.750,24.060,0.750,84407.000,24.770,23.680
-1.400,47.350,47.930,-0.670,115507.000,48.550,47.300
-1.150,38.570,38.970,-0.450,613720.000,38.970,38.400
0.510,3.980,3.950,0.020,372819.000,4.020,3.890
-0.500,81.600,81.300,-0.410,18719042.000,82.120,81.258
0.480,23.070,22.880,0.110,324554.000,23.210,22.880
0.280,24.920,24.850,0.070,688512.000,24.970,24.561
0.540,41.250,40.960,0.220,53681.000,41.400,40.591
0.030,36.020,36.010,0.010,28933.000,36.500,35.880
0.480,18.810,18.720,0.090,267567.000,18.830,18.320
-0.340,14.660,14.730,-0.050,1692118.000,14.900,14.640
0.480,52.010,51.850,0.250,4245037.000,52.390,51.610
1.110,4.560,4.490,0.050,52725.000,4.570,4.470
-4.180,3.440,3.580,-0.150,175932.000,3.580,3.390
-1.540,57.700,58.350,-0.900,489199.000,58.500,57.436
-1.410,26.520,26.930,-0.380,249617.000,26.990,26.290
2.270,21.160,20.710,0.470,329588.000,21.310,20.685
-0.980,31.180,31.350,-0.310,2753669.000,31.490,30.950
-0.560,24.800,24.870,-0.140,241524.000,24.900,24.690
-0.970,105.720,106.610,-1.040,1989615.000,106.640,105.180
1.710,56.490,55.550,0.950,96550.000,56.750,55.550
0.150,6.900,6.900,0.010,328538.000,7.000,6.860
0.440,38.870,38.830,0.170,2204965.000,38.930,38.440
0.370,78.265,78.000,0.285,117544.000,78.710,77.780
0.040,26.030,26.100,0.010,36964137.000,26.150,25.900
-1.170,37.900,38.410,-0.450,1553591.000,38.450,37.800
0.470,58.180,57.960,0.270,459379.000,58.780,57.790
-1.550,41.240,42.050,-0.650,985760.000,42.140,40.880
0.250,86.800,86.620,0.220,164949.000,87.230,86.160
2.530,22.670,22.170,0.560,29791.000,22.690,22.150
-0.540,96.150,96.400,-0.520,2485431.000,96.860,96.060
-1.410,7.710,7.810,-0.110,5138720.000,7.810,7.540
9.680,1.020,0.930,0.090,309862.000,1.050,0.925
-0.240,73.780,74.000,-0.180,2829060.000,74.000,73.355
-1.610,1.830,1.870,-0.030,638804.000,1.880,1.800
0.510,9.780,9.700,0.050,149299.000,9.800,9.620
-0.140,6.940,6.920,-0.010,137242.000,6.980,6.760
-0.480,31.260,31.400,-0.150,276582.000,31.440,31.000
1.510,97.910,96.630,1.460,548776.000,98.280,95.880
1.080,19.740,19.550,0.210,220051.000,19.770,19.480
0.130,23.870,23.840,0.030,2252247.000,23.890,23.660
0.430,14.000,13.950,0.060,130671.000,14.000,13.880
3.180,41.220,40.000,1.270,92255.000,41.700,39.460
2.880,10.000,9.820,0.280,142072.000,10.040,9.770
-0.460,13.120,12.930,-0.060,1854.000,13.230,12.930
-1.990,14.280,14.590,-0.290,73867.000,14.750,14.150
-0.720,42.570,42.890,-0.310,34274442.000,43.000,42.210
-0.250,103.940,103.610,-0.260,456292.000,104.340,102.210
3.680,8.480,8.160,0.301,214486.000,8.480,8.080
-0.310,32.680,32.780,-0.100,300845.000,32.780,32.560
0.280,7.070,7.060,0.020,261809.000,7.150,6.940
0.230,43.880,43.810,0.100,733430.000,44.080,43.280
0.130,46.380,46.220,0.060,2271953.000,46.510,46.040
5.930,1.250,1.180,0.070,3073136.000,1.270,1.150
2.160,47.760,46.750,1.010,139048.000,48.000,46.370
-0.310,52.270,52.410,-0.160,1171498.000,52.510,51.860
-1.220,41.430,41.980,-0.510,170043.000,41.980,41.150
1.670,1.220,1.220,0.020,128301.000,1.280,1.220
0.120,8.340,8.270,0.010,255519.000,8.480,8.120
-0.810,37.810,38.130,-0.310,192494.000,38.410,37.750
0.810,11.270,11.210,0.090,13329.000,11.270,11.060
0.320,15.510,15.480,0.050,1436072.000,15.620,15.300
0.390,18.130,17.900,0.070,14039418.000,18.200,17.839
-0.510,7.860,7.930,-0.040,806197.000,7.930,7.760
-0.760,15.640,15.780,-0.120,188686.000,15.858,15.350
0.470,315.960,312.420,1.490,1038486.000,317.730,312.000
-0.170,5.730,5.740,-0.010,732077.000,5.770,5.680
-0.150,51.970,52.000,-0.080,2349623.000,52.200,51.260
-3.030,8.950,9.020,-0.280,87433.000,9.090,8.680
0.410,2.420,2.400,0.010,494850.000,2.490,2.400
-0.210,28.890,28.900,-0.060,876057.000,29.100,28.490
2.390,77.830,76.250,1.820,2350714.000,78.430,75.360
0.350,17.330,17.200,0.060,50557.000,17.490,17.000
0.190,31.670,31.680,0.060,303175.000,31.880,31.520
1.960,65.090,64.030,1.250,289645.000,65.150,63.510
3.460,22.420,21.770,0.750,43761.000,23.000,21.250
-0.060,31.660,31.740,-0.020,18336794.000,31.780,31.560
-0.300,26.760,26.810,-0.080,479944.000,26.840,26.470
0.540,24.320,24.250,0.130,5036800.000,24.840,24.150
2.460,57.860,56.570,1.390,1157329.000,58.180,56.470
0.630,39.970,39.770,0.250,9325007.000,40.180,39.600
0.630,39.970,39.770,0.250,9325007.000,40.180,39.600
-1.470,16.080,16.370,-0.240,2130713.000,16.390,16.070
0.480,175.370,173.520,0.830,4031892.000,175.400,173.520
-2.880,14.510,14.970,-0.430,19429.000,14.990,14.500
-1.870,38.750,39.350,-0.740,198101.000,39.500,38.660
0.860,9.380,9.300,0.080,680205.000,9.400,9.220
-0.740,46.980,47.150,-0.350,222497.000,47.540,46.500
-0.850,39.690,39.920,-0.340,112955.000,40.050,39.590
-1.720,82.190,83.940,-1.440,1096594.000,84.000,81.960
3.910,18.620,17.950,0.700,255110.000,18.680,17.940
-0.350,34.310,34.390,-0.120,104167.000,34.440,34.050
0.700,66.220,65.860,0.460,94898.000,66.260,65.110
-0.440,42.680,42.880,-0.190,104856.000,43.030,42.560
0.310,68.300,68.080,0.210,7269477.000,68.790,68.080
-0.160,42.950,43.280,-0.070,12684.000,43.280,42.280
-0.060,17.040,17.060,-0.010,442505.000,17.160,16.890
1.680,52.150,51.200,0.860,10631204.000,52.500,50.970
-2.950,20.100,20.660,-0.610,181972.000,20.740,19.910
2.990,3.790,3.680,0.110,107169.000,3.810,3.670
-0.830,10.700,10.790,-0.090,185557.000,10.810,10.620
0.200,20.480,20.440,0.040,274582.000,20.660,20.200
-1.800,25.590,26.010,-0.470,12200080.000,26.040,25.480
3.920,15.900,15.370,0.600,191873.000,15.900,15.320
-0.600,70.060,70.760,-0.420,586096.000,70.760,69.830
-1.740,18.670,18.920,-0.330,106231.000,19.050,18.530
-1.400,23.230,23.520,-0.330,579084.000,23.520,23.050
0.540,40.880,40.670,0.220,668262.000,40.940,40.310
0.130,45.180,45.170,0.060,424341.000,45.230,44.750
2.660,19.710,19.200,0.510,103121.000,19.769,19.120
2.190,81.140,79.360,1.740,1846398.000,81.570,79.065
0.590,27.200,27.000,0.160,205139.000,27.240,26.920
-1.210,17.930,18.110,-0.220,149582.000,18.110,17.860
4.670,1.120,1.100,0.050,3241398.000,1.140,1.080
-1.430,46.080,47.100,-0.670,3978363.000,47.250,45.550
0.430,48.780,48.700,0.210,1739279.000,48.890,48.370
-0.760,24.780,24.870,-0.190,4103126.000,24.910,24.690
0.480,4.220,4.190,0.020,797055.000,4.240,4.060
1.230,17.260,17.120,0.210,251929.000,17.310,16.920
0.140,41.590,41.600,0.060,141557.000,41.830,41.330
1.670,21.960,21.700,0.360,347841.000,22.130,21.580
-0.310,81.290,81.690,-0.250,1833842.000,81.945,80.970
0.520,38.440,38.170,0.200,165572.000,38.890,37.820
-0.290,10.390,10.440,-0.030,5558.000,10.470,10.241
0.620,24.530,24.380,0.150,36838.000,24.700,24.180
-5.080,1.870,1.980,-0.100,1427663.000,2.000,1.840
-0.030,28.920,29.340,-0.010,15585140.000,29.760,28.610
-0.860,9.250,9.330,-0.080,274186.000,9.350,9.180
-1.860,2.690,2.750,-0.051,12610449.000,2.760,2.650
0.430,18.800,18.680,0.080,65718.000,18.850,18.520
1.130,1.790,1.760,0.020,49239.000,1.820,1.760
-4.420,6.050,6.300,-0.280,113962.000,6.350,6.050
-1.480,12.350,12.490,-0.185,277353.000,12.490,12.220
0.350,84.840,84.760,0.300,4812809.000,85.970,84.500
0.550,91.720,90.990,0.500,532843.000,92.100,90.890
-1.790,25.730,26.150,-0.470,855903.000,26.380,25.570
-0.240,8.360,8.380,-0.020,2479093.000,8.449,8.205
0.800,90.750,89.850,0.720,738614.000,91.000,88.601
-1.130,18.390,18.460,-0.210,466594.000,18.500,17.750
1.670,38.420,37.640,0.630,639940.000,38.740,37.310
-4.210,12.730,13.260,-0.560,109761.000,13.270,12.490
-0.190,71.970,71.940,-0.140,35786.000,72.300,71.410
-0.190,46.750,46.700,-0.090,167072.000,47.310,46.180
1.280,22.920,22.730,0.290,214330.000,23.030,22.582
0.850,66.310,65.500,0.560,223722.000,66.310,65.500
-0.870,41.210,41.400,-0.360,2543151.000,41.490,40.980
-0.300,43.450,43.920,-0.130,283043.000,44.290,43.273
-0.420,21.310,21.350,-0.090,920113.000,21.396,20.700
0.520,17.280,17.160,0.090,3387585.000,17.305,16.940
-1.550,23.480,23.740,-0.370,304265.000,23.980,23.290
1.620,25.150,24.830,0.400,5038.000,25.150,24.755
0.400,10.010,9.940,0.040,134459.000,10.010,9.890
-0.170,35.150,35.260,-0.060,449886.000,35.370,34.990
-0.260,31.010,31.040,-0.080,83894.000,31.780,30.890
1.200,21.000,20.620,0.250,1082471.000,21.000,20.600
0.520,15.480,15.400,0.080,113207.000,15.500,15.300
-2.000,17.130,17.430,-0.350,136944.000,17.430,17.070
-2.780,28.000,28.670,-0.800,22323.000,28.790,27.690
-0.110,54.880,54.950,-0.060,111486.000,55.430,54.742
-1.390,39.610,40.240,-0.560,4084880.000,40.340,39.540
-0.070,41.000,40.980,-0.030,2933685.000,41.140,40.690
-0.690,43.050,43.320,-0.300,666129.000,43.370,42.810
-0.160,48.920,48.860,-0.080,2791590.000,49.100,48.840
-1.320,41.030,41.510,-0.550,23247396.000,41.510,40.970
0.370,35.380,35.120,0.130,326780.000,35.650,35.040
0.420,35.620,35.390,0.150,9561365.000,35.700,35.390
-3.220,3.910,4.000,-0.130,675342.000,4.040,3.790
0.000,1.780,1.780,0.000,107803.000,1.780,1.710
1.340,36.410,36.040,0.480,294256.000,36.489,35.670
-2.090,7.040,7.190,-0.150,110147.000,7.190,6.950
-1.640,15.880,16.130,-0.265,13224734.000,16.280,15.740
1.790,91.970,90.480,1.620,2008384.000,92.970,90.350
-0.900,8.800,8.760,-0.080,18846.000,8.820,8.670
0.930,25.970,25.750,0.240,12708553.000,26.140,25.700
0.930,25.970,25.750,0.240,12708553.000,26.140,25.700
0.170,17.590,17.640,0.030,1685030.000,17.800,17.270
1.170,26.010,25.740,0.300,965246.000,26.070,25.610
-2.020,98.150,100.320,-2.020,17103.000,100.320,97.010
3.500,7.100,6.830,0.240,1751618.000,7.310,6.800
-0.050,21.490,21.530,-0.010,233224.000,21.900,21.290
0.740,20.410,20.280,0.150,1149953.000,20.440,20.110
-2.630,4.080,4.200,-0.110,225886.000,4.200,4.080
-1.180,5.030,5.060,-0.060,96929.000,5.090,4.990
-0.640,7.780,7.880,-0.050,32154208.000,7.990,7.690
0.490,16.390,16.400,0.080,18848441.000,16.420,16.200
-0.070,14.970,14.910,-0.010,61608.000,14.995,14.770
-0.840,88.240,88.610,-0.750,932122.000,89.029,87.970
-0.940,35.920,36.200,-0.340,323344.000,36.200,35.710
-0.530,39.390,39.410,-0.210,8891.000,39.453,39.100
1.320,29.930,29.490,0.390,4801947.000,29.950,29.260
1.090,10.180,10.050,0.110,13577.000,10.180,9.820
0.600,402.050,398.290,2.380,3596.000,402.730,392.690
-1.900,13.970,14.250,-0.270,926874.000,14.250,13.970
-1.640,69.400,70.490,-1.160,319352.000,70.490,69.080
-1.100,8.110,8.200,-0.090,9446220.000,8.200,8.070
-2.000,19.110,19.640,-0.390,118548.000,19.640,18.580
-2.080,20.220,20.620,-0.430,668209.000,20.630,20.130
-0.190,62.310,62.400,-0.120,236045.000,62.400,61.940
3.240,33.470,32.470,1.050,818975.000,33.780,32.470
-0.470,6.410,6.450,-0.030,185808.000,6.470,6.250
1.520,43.450,43.600,0.650,6775523.000,43.990,43.215
1.050,53.730,53.240,0.560,2821873.000,53.965,52.920
1.290,69.930,68.800,0.890,1723602.000,69.990,68.551
1.010,102.900,102.230,1.030,108242.000,103.325,100.300
1.380,30.920,30.550,0.420,58035.000,30.920,30.440
0.560,10.770,10.740,0.060,612046.000,10.830,10.690
1.230,47.030,46.470,0.570,2625811.000,47.410,45.990
-0.030,28.700,28.710,-0.010,690165.000,28.720,28.510
0.080,100.960,100.880,0.080,171881.000,101.300,100.430
-0.310,32.640,32.750,-0.100,8987003.000,32.880,32.370
1.770,213.190,208.760,3.700,3553009.000,214.450,208.730
-0.630,52.000,51.990,-0.330,1758755.000,52.200,51.540
-1.680,32.870,33.450,-0.560,2191505.000,33.450,32.790
0.180,21.910,21.760,0.040,23205.000,22.100,21.750
-0.900,10.990,11.060,-0.100,104999716.000,11.070,10.910
-0.280,42.820,42.940,-0.120,93525.000,43.130,42.570
0.810,38.700,38.280,0.310,99620.000,39.250,38.270
0.000,10.650,10.670,0.000,47300.000,10.700,10.410
8.070,289.630,276.000,21.640,8962334.000,291.230,275.710
0.220,53.620,53.520,0.120,15678362.000,53.980,53.150
0.750,34.700,34.390,0.260,123523.000,34.750,34.100
-3.160,65.170,66.830,-2.130,1367230.000,66.830,64.340
1.050,7.690,7.590,0.080,1207018.000,7.720,7.510
-0.740,28.100,28.300,-0.210,157719.000,28.350,27.750
0.240,20.480,20.440,0.050,6208870.000,20.750,20.300
0.060,35.040,35.050,0.020,71095.000,35.130,34.540
0.740,19.170,19.030,0.140,517337.000,19.210,18.965
-0.090,11.480,11.520,-0.010,507762.000,11.540,11.361
1.380,8.830,8.860,0.120,3280842.000,8.990,8.710
-19.070,17.140,17.640,-4.040,2900701.000,18.570,17.000
0.000,6.250,6.250,0.000,881918.000,6.270,6.140
0.700,34.630,34.300,0.240,1650438.000,34.780,34.200
-0.010,67.460,67.230,-0.010,1190574.000,67.870,66.980
-0.700,15.540,15.730,-0.110,672676.000,15.940,15.430
-0.980,33.250,33.710,-0.330,1000213.000,33.710,32.960
0.800,8.830,8.760,0.070,535167.000,8.850,8.750
-1.230,12.840,13.040,-0.160,485710.000,13.150,12.790
-7.130,4.950,5.310,-0.380,1418261.000,5.320,4.860
-2.920,41.890,43.050,-1.260,693692.000,43.080,41.670
-1.750,33.150,33.660,-0.590,1367559.000,33.660,33.030
-0.490,16.160,16.220,-0.080,66799.000,16.250,16.120
1.150,18.490,18.280,0.210,157559.000,18.570,18.050
-1.450,40.900,41.630,-0.600,234689.000,41.630,40.850
0.870,64.650,64.270,0.560,2899799.000,65.650,63.690
0.850,16.640,16.510,0.140,148895.000,16.680,16.450
-0.220,26.840,26.830,-0.060,8004908.000,27.010,26.760
-0.740,10.800,10.850,-0.080,557309.000,10.930,10.630
-6.160,1.370,1.490,-0.090,1111124.000,1.490,1.360
-0.800,72.170,73.130,-0.580,235085.000,73.130,71.970
-1.690,17.470,17.710,-0.300,3900088.000,17.710,17.250
-0.870,50.380,50.430,-0.440,324987.000,50.940,50.060
0.410,12.180,12.090,0.050,118482.000,12.240,12.050
0.970,138.930,137.770,1.340,201276.000,139.090,136.790
0.180,90.370,90.210,0.160,42772.000,90.730,89.340
-1.200,74.900,75.540,-0.910,1879498.000,75.810,74.415
-2.590,45.840,46.920,-1.220,3845241.000,47.000,45.690
-0.740,24.150,24.330,-0.180,909781.000,24.330,24.110
-1.290,20.610,20.880,-0.270,188687.000,21.050,20.490
1.840,44.910,44.220,0.810,1862424.000,45.200,43.770
-0.330,18.400,18.410,-0.060,1236967.000,18.550,18.290
-1.500,13.090,13.290,-0.200,12633168.000,13.300,13.000
0.000,25.390,25.310,0.000,1870625.000,25.430,25.060
-1.050,22.700,22.940,-0.240,23270.000,22.940,22.500
-1.170,27.140,27.440,-0.320,699955.000,27.440,27.090
-0.710,11.150,11.250,-0.080,681988.000,11.250,10.930
-0.770,16.820,16.950,-0.130,906281.000,17.000,16.740
1.110,38.380,38.010,0.420,93207.000,38.520,37.860
-1.120,38.120,38.550,-0.430,213110.000,38.600,37.950
-1.820,37.290,37.880,-0.690,493003.000,37.880,36.970
-1.440,17.770,17.990,-0.260,480014.000,17.990,17.550
-0.030,31.520,31.420,-0.010,3329955.000,31.600,31.240
1.060,4.750,4.740,0.050,89112.000,4.750,4.710
0.580,20.830,20.740,0.120,150462.000,20.900,20.660
2.370,30.250,29.560,0.700,144016.000,30.370,29.340
0.390,28.100,28.040,0.110,28151.000,28.180,27.410
-0.140,28.770,28.860,-0.040,426107.000,29.060,28.710
-0.860,70.600,70.870,-0.610,1092223.000,71.650,70.390
5.290,2.190,2.090,0.110,1249948.000,2.310,2.050
1.050,18.360,18.170,0.190,119096.000,18.440,18.170
-0.290,30.960,31.040,-0.090,1460999.000,31.180,30.790
0.300,33.900,33.820,0.100,96578.000,34.000,33.760
0.060,83.930,83.570,0.050,136918.000,84.070,83.475
-1.620,19.470,19.790,-0.320,669296.000,19.800,19.220
-0.110,36.880,36.770,-0.040,4312423.000,37.140,36.560
-0.990,15.970,16.130,-0.160,2961086.000,16.190,15.860
-0.240,37.810,37.920,-0.090,167796.000,37.920,37.660
0.760,66.600,66.130,0.500,779.000,66.600,65.470
0.190,20.760,20.690,0.040,884496.000,20.780,20.450
-0.390,17.860,17.910,-0.070,177504.000,18.110,17.850
1.210,66.730,66.010,0.800,1016814.000,67.690,65.680
0.060,54.040,54.050,0.030,29275.000,54.440,53.970
-0.120,74.150,74.110,-0.090,716346.000,74.430,73.740
-2.030,26.980,27.510,-0.560,1371725.000,27.510,26.955
0.780,45.310,44.990,0.350,62911.000,45.430,44.900
1.790,106.700,105.100,1.880,270266.000,107.160,104.505
-0.760,5.230,5.270,-0.040,200768.000,5.270,5.160
1.070,11.310,11.300,0.120,44094.000,11.650,11.144
0.650,6.190,6.150,0.040,523189.000,6.330,6.090
0.180,22.240,22.100,0.040,30845.000,22.380,21.970
-0.740,6.730,6.740,-0.050,10506.000,6.740,6.640
-1.480,19.240,19.550,-0.290,4546090.000,19.580,19.180
8.200,0.660,0.632,0.050,2383142.000,0.690,0.632
1.060,151.160,149.870,1.590,1546145.000,151.440,148.410
0.980,66.720,66.500,0.650,1126981.000,66.750,66.100
-0.260,11.380,11.540,-0.030,1498512.000,11.670,11.250
1.100,11.980,11.820,0.130,326012.000,12.370,11.761
0.320,12.600,12.500,0.040,113697.000,12.640,12.300
-2.750,68.520,70.240,-1.940,159890.000,70.680,67.300
-1.560,44.840,45.260,-0.710,989006.000,45.260,44.580
0.080,96.190,96.020,0.080,43359.000,96.220,95.310
0.480,23.140,22.950,0.110,41569.000,23.199,22.550
1.480,21.320,20.860,0.310,1380359.000,21.390,20.860
-0.530,7.450,7.500,-0.040,370372.000,7.520,7.370
-0.290,20.650,20.680,-0.060,653467.000,20.800,20.430
0.340,74.530,74.210,0.250,411831.000,75.050,73.990
0.970,16.640,16.490,0.160,207603.000,16.750,16.340
-0.660,36.220,36.320,-0.240,353651.000,36.500,36.050
1.890,40.950,40.170,0.760,7199989.000,41.110,39.770
1.170,106.750,105.600,1.230,3287143.000,107.500,105.490
0.900,20.230,20.060,0.180,2794157.000,20.460,20.030
-5.220,1.270,1.320,-0.070,9291616.000,1.330,1.230
-0.160,6.070,6.090,-0.010,17582.000,6.090,6.000
-0.200,83.580,83.720,-0.170,761845.000,83.970,83.180
-0.310,35.490,35.510,-0.110,8809577.000,35.690,35.440
1.760,145.870,145.810,2.524,9690897.000,146.300,142.920
-0.170,29.760,29.780,-0.050,3446226.000,29.880,29.590
0.450,64.030,63.760,0.285,977472.000,64.140,63.440
-1.230,31.300,31.690,-0.390,835335.000,31.970,31.120
0.000,0.230,0.220,0.000,183764.000,0.235,0.212
0.000,56.870,56.840,0.000,125933.000,57.010,56.290
-0.250,20.110,20.165,-0.050,17324.000,20.165,19.870
1.030,78.810,78.570,0.800,158375.000,79.000,78.120
-0.690,7.200,7.230,-0.050,2835431.000,7.250,7.140
0.030,36.140,36.250,0.010,165947.000,36.420,36.010
1.090,76.150,75.560,0.820,92610.000,77.220,74.660
-0.980,13.150,13.260,-0.130,99932.000,13.260,12.950
0.350,81.060,80.740,0.280,1245043.000,81.490,79.930
0.150,32.980,32.920,0.050,200940.000,33.130,32.600
-3.150,25.850,26.630,-0.840,1359258.000,26.800,25.720
1.550,9.800,9.690,0.150,111805.000,9.830,9.554
2.620,37.150,36.830,0.950,747675.000,37.330,36.730
0.140,20.780,20.680,0.030,30924921.000,20.800,20.650
0.100,41.300,41.320,0.040,104317.000,41.460,40.970
-0.060,44.145,44.180,-0.025,5895384.000,44.210,44.110
0.820,38.120,37.840,0.310,792112.000,38.210,37.660
1.420,7.120,7.050,0.100,373348.000,7.120,6.960
0.310,12.750,12.680,0.040,7183889.000,12.870,12.640
-2.610,14.910,15.280,-0.400,974258.000,15.280,14.820
-0.350,11.250,11.350,-0.040,350834.000,11.400,11.060
2.420,21.560,21.110,0.510,152535.000,21.600,21.110
-0.090,81.200,81.250,-0.070,940312.000,81.720,80.820
0.570,26.630,26.540,0.150,352903.000,26.680,26.270
0.000,16.980,16.940,0.000,18207868.000,17.150,16.930
0.040,25.150,25.140,0.010,200453.000,25.280,24.860
-0.280,78.450,78.510,-0.220,219173.000,78.900,77.840
-1.190,44.690,45.260,-0.540,2767188.000,45.270,44.470
-1.370,16.560,16.800,-0.230,166551.000,16.800,16.490
2.110,2.900,2.860,0.060,254849.000,2.910,2.850
-5.570,5.260,5.600,-0.310,407000.000,5.600,5.260
0.100,38.560,38.530,0.040,3483927.000,38.620,38.230
-1.750,24.670,25.050,-0.440,81413.000,25.150,24.230
0.450,24.440,24.400,0.110,91005.000,24.630,23.870
-0.920,63.820,64.120,-0.590,1605572.000,64.230,62.370
-0.370,32.350,32.590,-0.120,726349.000,32.770,31.978
1.890,24.790,24.340,0.460,50951.000,24.880,24.070
-0.550,27.060,27.080,-0.150,476590.000,27.190,26.980
2.060,10.920,10.720,0.220,51549.000,10.990,10.700
-0.220,9.150,9.170,-0.020,1059825.000,9.180,9.150
1.380,16.950,16.770,0.230,3224900.000,16.990,16.655
-2.040,25.870,26.400,-0.540,4275108.000,26.400,25.540
-1.910,34.360,35.080,-0.670,4706905.000,35.190,34.050
0.000,5.330,5.340,0.000,8870.000,5.710,4.990
-0.700,53.940,54.130,-0.380,4732088.000,54.320,53.460
-0.440,47.700,47.910,-0.210,217486.000,48.070,47.650
1.850,28.560,28.040,0.520,41375.000,28.560,27.920
1.150,49.400,48.710,0.560,562613.000,49.710,48.630
-0.620,57.920,58.180,-0.360,4544097.000,58.250,57.680
-0.480,20.660,20.830,-0.100,1423749.000,20.920,20.240
-2.460,1.190,1.210,-0.030,366037.000,1.230,1.160
-1.180,24.230,24.110,-0.290,4785.000,24.260,23.950
0.660,29.110,28.960,0.190,2429780.000,29.185,28.510
-0.180,33.530,33.580,-0.060,137664.000,33.590,33.320
0.090,10.690,10.640,0.010,393101.000,10.710,10.480
1.170,131.810,130.560,1.530,292444.000,132.240,128.530
-0.510,15.470,15.600,-0.080,165983.000,15.600,15.370
0.580,88.040,87.460,0.510,534069.000,88.700,87.110
-1.570,36.470,36.780,-0.580,16240972.000,37.000,36.270
1.160,45.510,44.970,0.520,708261.000,45.540,44.800
-2.310,5.930,6.100,-0.140,369020.000,6.250,5.900
0.720,381.370,379.000,2.720,280167.000,382.960,376.000
1.160,75.670,74.540,0.870,1976575.000,75.710,74.340
-0.120,16.830,16.850,-0.020,165850.000,16.880,16.670
-0.930,30.840,31.140,-0.290,772813.000,31.140,30.695
1.230,52.500,51.930,0.640,1224906.000,52.770,51.670
-0.700,4.240,4.210,-0.030,211196.000,4.290,4.120
-0.370,79.990,80.380,-0.300,296301.000,80.500,79.670
-0.290,45.310,45.430,-0.130,894824.000,45.750,45.240
-1.750,4.490,4.550,-0.080,180549.000,4.580,4.460
2.510,8.580,8.390,0.210,54935.000,8.580,8.340
1.070,20.700,20.490,0.220,120924.000,20.720,20.210
-0.090,34.940,35.080,-0.030,704423.000,35.090,34.000
-1.150,36.630,37.070,-0.425,3148194.000,37.150,36.525
1.020,33.710,33.360,0.340,170239.000,33.730,33.290
-0.350,51.530,51.460,-0.180,1780287.000,51.790,51.140
0.310,97.930,97.300,0.300,415895.000,98.030,96.840
-0.070,67.160,66.380,-0.050,1722820.000,68.790,66.380
-2.320,2.950,3.000,-0.070,140039.000,3.015,2.930
1.810,42.850,42.210,0.760,3287069.000,43.040,41.950
0.330,33.460,33.160,0.110,17392.000,33.500,32.980
2.710,26.930,26.230,0.710,429736.000,27.050,26.230
-0.020,52.330,52.270,-0.010,4832409.000,52.630,52.230
0.200,25.410,25.340,0.050,3394493.000,25.810,25.190
0.950,52.190,51.840,0.490,1162432.000,52.220,51.620
-1.940,9.620,9.840,-0.190,210393.000,9.840,9.480
0.000,39.820,39.730,0.000,109889.000,39.915,39.520
0.260,15.490,15.400,0.040,19964069.000,15.670,15.250
1.030,57.990,57.480,0.590,390123.000,58.360,57.260
-1.520,12.340,12.500,-0.190,285533.000,12.510,12.220
-0.170,96.290,96.400,-0.160,846478.000,96.800,95.990
1.330,15.240,15.030,0.200,107487.000,15.270,14.930
-0.400,4.940,4.940,-0.020,25976.000,4.950,4.890
-0.260,56.600,56.970,-0.150,2870488.000,56.970,56.380
-4.360,20.200,20.730,-0.920,1802412.000,20.800,20.160
0.620,45.520,45.070,0.280,309153.000,45.700,44.540
2.010,535.370,525.000,10.572,875101.000,537.100,521.110
0.970,88.050,87.510,0.850,979732.000,89.010,87.510
2.060,46.270,45.500,0.936,72720.000,46.800,45.400
0.710,38.460,38.250,0.270,92397.000,38.750,37.800
0.000,14.870,14.850,0.000,1880525.000,14.910,14.510
-0.190,80.030,80.230,-0.150,1199654.000,80.240,80.000
0.950,47.960,47.370,0.450,977873.000,48.000,46.730
-0.190,5.310,5.310,-0.010,154677.000,5.360,5.280
-0.020,41.670,41.550,-0.010,168292.000,42.070,41.380
0.450,58.140,57.750,0.260,10722496.000,58.250,57.510
-1.580,57.470,58.150,-0.920,1621572.000,58.210,57.400
