3.110,11.290,10.760,0.340,137907.000,11.450,10.650
0.050,19.300,19.110,0.010,178587.000,19.490,18.900
-0.570,12.220,12.120,-0.070,360753.000,12.300,11.913
0.030,59.180,58.420,0.020,292027.000,59.900,58.412
-0.830,5.970,5.960,-0.050,668470.000,6.140,5.890
-0.250,32.550,32.260,-0.080,1692771.000,32.960,32.120
3.500,51.750,49.750,1.750,757731.000,51.880,49.010
1.680,22.960,23.390,0.380,6280668.000,23.480,22.640
-0.620,33.650,33.500,-0.210,1862612.000,34.040,33.160
1.590,20.430,19.770,0.320,3570711.000,20.500,19.373
-0.230,48.370,47.810,-0.110,8108.000,48.780,47.810
-1.760,55.250,56.080,-0.990,2494295.000,56.080,55.160
0.220,36.730,36.370,0.080,2006801.000,36.880,36.160
1.800,16.380,15.970,0.290,36084.000,16.540,15.970
-0.100,20.880,20.780,-0.020,15789.000,20.970,20.520
-0.220,17.780,17.660,-0.040,81619.000,17.820,17.530
-0.650,38.100,38.580,-0.250,487024.000,38.580,37.450
-1.420,14.600,14.650,-0.210,470362.000,14.790,14.410
-0.570,3.460,3.420,-0.020,1320834.000,3.530,3.400
-0.620,49.640,49.470,-0.310,1780403.000,50.360,48.670
0.090,11.020,11.000,0.010,224546.000,11.090,10.990
-3.300,4.100,4.160,-0.140,193416.000,4.420,4.010
-0.270,70.470,70.000,-0.190,5924004.000,71.110,69.250
0.190,15.560,15.430,0.030,46728.000,15.570,15.171
-1.500,9.850,9.950,-0.150,20693.000,10.000,9.840
3.220,26.930,26.210,0.840,77972.000,27.180,25.830
-0.700,17.010,16.810,-0.120,213467.000,17.500,16.810
0.140,36.490,36.000,0.050,122698.000,36.890,36.000
-0.380,10.550,10.490,-0.040,12080819.000,10.800,10.380
-1.100,17.910,17.990,-0.200,69000841.000,18.110,17.780
0.960,12.610,12.350,0.120,174511.000,12.620,12.340
0.600,5.020,4.910,0.030,285306.000,5.060,4.850
-0.120,17.320,17.120,-0.020,343334.000,17.500,17.070
0.170,53.300,52.660,0.090,1620939.000,54.350,51.710
-1.570,10.000,9.990,-0.160,488655.000,10.160,9.840
0.560,52.480,51.710,0.290,629678.000,52.600,51.050
-3.040,28.430,28.890,-0.890,381342.000,29.180,28.250
-0.340,11.780,11.670,-0.040,1614498.000,12.120,11.650
0.620,40.880,40.260,0.250,5830656.000,41.520,40.070
-0.450,64.790,64.740,-0.290,16652186.000,64.929,64.130
0.710,11.400,11.160,0.080,927963.000,11.500,10.960
2.890,5.340,5.110,0.150,1030544.000,5.350,4.970
-0.020,86.500,86.200,-0.020,306698.000,86.870,85.540
-0.050,85.090,84.700,-0.040,122140.000,85.180,84.680
-0.640,65.610,65.380,-0.420,201040.000,66.150,63.810
8.800,18.550,18.580,1.500,4448223.000,19.100,17.930
-0.860,34.680,34.520,-0.300,216832.000,35.060,34.400
0.070,15.300,15.040,0.010,43205.000,15.460,15.040
-1.680,23.390,23.330,-0.400,17017830.000,23.935,23.140
-1.630,71.170,71.700,-1.180,9134652.000,71.990,71.170
0.140,50.790,50.290,0.070,3771665.000,51.400,50.200
-2.100,7.940,7.970,-0.170,121317.000,8.190,7.820
-5.840,23.200,23.980,-1.440,835959.000,24.000,22.270
-0.730,6.840,6.800,-0.050,2159809.000,6.970,6.690
-0.860,8.100,8.050,-0.070,32755.000,8.210,7.880
2.090,4.890,4.720,0.100,1227602.000,4.995,4.670
-2.840,12.640,12.940,-0.370,3519765.000,12.950,11.240
0.000,11.890,11.670,0.000,4491255.000,12.200,11.220
1.180,10.300,10.090,0.120,3273099.000,10.375,9.760
-0.690,61.490,61.680,-0.430,10125325.000,62.181,61.490
-4.620,6.400,6.610,-0.310,129252.000,6.960,6.390
-1.370,21.550,21.670,-0.300,5062619.000,21.870,21.500
-1.590,78.700,79.100,-1.270,4465057.000,79.480,78.240
0.800,8.820,8.580,0.070,575437.000,8.940,8.410
-1.500,55.880,56.110,-0.850,434956.000,56.310,55.510
-0.060,82.000,80.810,-0.050,460277.000,82.150,80.270
-0.390,2.580,2.590,-0.010,19347.000,2.610,2.580
2.440,1.260,1.230,0.030,233232.000,1.280,1.200
-2.540,31.210,31.630,-0.815,4777436.000,31.970,31.050
-0.700,90.310,90.230,-0.640,411657.000,91.800,89.150
-1.020,13.540,13.580,-0.140,1352477.000,13.820,13.510
-1.680,10.510,10.700,-0.180,719499.000,10.700,10.390
7.210,66.490,63.710,4.470,3083399.000,68.120,62.990
-0.090,86.240,85.710,-0.080,738059.000,86.550,85.220
-1.040,35.290,35.310,-0.370,16421730.000,35.740,34.870
-0.350,36.900,36.780,-0.130,2212166.000,37.460,36.050
-1.120,26.460,26.460,-0.300,4743750.000,26.680,26.050
-0.450,4.450,4.420,-0.020,341828.000,4.510,4.340
-1.880,42.360,42.630,-0.810,9529655.000,43.090,42.320
-2.210,19.060,19.280,-0.430,10335347.000,19.540,19.050
0.920,24.100,23.630,0.220,46515.000,24.700,23.610
0.260,46.100,45.510,0.120,1761717.000,46.238,44.720
2.910,6.010,5.760,0.170,1126771.000,6.060,5.580
0.110,46.320,45.520,0.050,434634.000,46.760,44.830
0.270,93.920,92.740,0.250,1964309.000,94.910,90.540
-0.090,22.300,22.090,-0.020,5723743.000,22.440,22.050
-0.080,12.680,12.650,-0.010,4746488.000,12.740,12.560
-3.420,26.800,27.340,-0.950,1614121.000,27.660,26.720
0.210,37.770,37.450,0.080,42108.000,37.860,37.170
-0.710,39.240,39.090,-0.280,219705.000,39.840,38.500
-0.830,28.700,28.650,-0.240,6366650.000,28.990,28.460
0.170,23.420,23.110,0.040,5588249.000,23.600,23.050
0.530,22.690,22.410,0.120,755740.000,22.810,22.000
0.590,30.940,30.440,0.180,574277.000,31.530,30.010
0.620,8.130,7.930,0.050,765138.000,8.300,7.740
2.130,7.180,6.910,0.150,3058367.000,7.430,6.860
-0.250,11.840,11.800,-0.030,7129592.000,12.000,11.680
-0.700,8.490,8.430,-0.060,4497791.000,8.600,8.350
-1.950,17.060,17.150,-0.340,96267.000,17.200,16.920
-0.540,105.640,105.310,-0.570,8253.000,106.780,103.530
-2.040,27.320,27.530,-0.570,352070.000,27.555,26.730
-2.720,1.430,1.490,-0.040,90284.000,1.490,1.430
-0.150,6.450,6.430,-0.010,3328957.000,6.550,6.310
-4.110,40.880,42.050,-1.750,4500130.000,42.300,40.800
0.910,54.460,53.760,0.490,81876.000,54.800,53.410
-1.140,31.140,31.120,-0.360,1175718.000,31.410,30.770
-2.390,7.340,7.430,-0.180,78340.000,7.500,7.270
-0.400,42.350,42.320,-0.170,1149513.000,42.750,41.860
-11.370,35.610,36.550,-4.570,4116205.000,36.930,34.510
-1.310,3.010,3.000,-0.040,83903.000,3.099,2.960
-1.730,16.500,16.650,-0.290,332777.000,16.770,16.440
-0.420,33.460,33.470,-0.140,1750784.000,33.780,33.010
-1.070,14.820,14.800,-0.160,8511781.000,15.020,14.680
-0.410,12.210,12.200,-0.050,5695468.000,12.280,11.820
0.170,58.760,58.180,0.100,171518.000,59.450,58.100
-0.130,52.530,51.980,-0.070,2711446.000,52.760,51.580
-3.190,27.030,27.560,-0.890,3504652.000,28.280,26.950
-0.100,82.840,82.190,-0.080,4802151.000,83.730,81.500
-2.020,10.680,10.840,-0.220,20636.000,10.880,10.660
-1.600,39.430,39.800,-0.640,333641.000,40.110,38.640
8.820,11.470,10.930,0.930,6980128.000,11.790,10.420
-1.510,7.850,7.860,-0.120,39615.000,7.860,7.690
0.570,42.350,41.840,0.240,1839726.000,43.490,41.630
0.410,12.200,12.030,0.050,133975.000,12.269,11.960
-0.250,15.970,15.900,-0.040,66036851.000,16.130,15.800
-0.060,53.680,53.070,-0.030,464964.000,53.970,53.010
-0.660,9.040,9.010,-0.060,2318807.000,9.100,8.900
-0.830,93.480,93.350,-0.785,2566347.000,95.580,92.301
3.410,7.890,7.530,0.260,13439177.000,7.940,7.420
-1.240,15.110,15.020,-0.190,16086425.000,15.420,14.850
-1.200,3.290,3.280,-0.040,396330.000,3.330,3.240
-2.210,1.330,1.310,-0.030,1261486.000,1.351,1.300
-0.950,24.930,24.850,-0.240,54269.000,25.140,24.680
-0.540,20.170,20.030,-0.110,2499837.000,20.300,19.610
0.230,53.420,52.600,0.120,619507.000,54.000,52.070
-0.630,34.930,34.760,-0.220,11999928.000,35.238,34.630
-0.050,77.170,76.560,-0.040,1566593.000,77.990,76.060
-7.750,45.182,42.740,-3.798,1027852.000,46.060,42.000
-0.970,23.550,23.590,-0.230,503671.000,23.850,23.310
-1.000,50.460,50.200,-0.510,838557.000,50.850,50.150
-3.120,43.220,44.270,-1.390,5415354.000,44.730,43.190
1.280,16.670,16.450,0.210,17276.000,16.870,16.122
-1.490,16.500,16.550,-0.250,98253.000,16.640,16.280
-1.800,1.090,1.060,-0.020,712330.000,1.090,1.050
-0.350,86.480,86.150,-0.300,5634186.000,86.850,85.820
-0.090,11.430,11.300,-0.010,749297.000,11.509,11.080
-0.490,51.030,50.500,-0.250,477519.000,51.470,49.850
-0.530,52.710,52.780,-0.280,13053640.000,53.150,52.665
0.240,34.070,33.450,0.080,65259.000,34.520,33.430
0.920,9.830,9.590,0.090,43852.000,9.860,9.130
0.150,26.660,26.450,0.040,4049028.000,26.760,26.135
-0.350,16.940,16.600,-0.060,3362497.000,17.050,16.580
-1.810,21.700,22.380,-0.400,3246892.000,22.940,21.660
-0.280,7.020,7.030,-0.020,82687.000,7.080,6.950
0.850,8.320,8.080,0.070,194531.000,8.520,8.080
-0.900,4.410,4.410,-0.040,515897.000,4.510,4.320
0.900,28.170,27.630,0.250,157012.000,28.440,27.440
-0.330,27.460,27.250,-0.090,1932638.000,27.940,27.150
-0.720,64.520,63.620,-0.470,345928.000,65.210,62.990
-4.760,2.400,2.490,-0.120,9749798.000,2.540,2.390
2.310,47.420,45.440,1.070,2100084.000,48.250,45.440
-2.780,52.100,52.920,-1.490,332258.000,56.600,51.410
-3.370,10.900,11.130,-0.380,1768882.000,11.220,10.190
-1.180,19.290,19.320,-0.230,9585916.000,19.560,19.240
-0.830,54.710,54.710,-0.460,3007526.000,55.450,54.210
-0.380,46.820,46.440,-0.180,1286298.000,47.570,46.160
0.570,38.800,38.290,0.220,2146325.000,39.230,38.050
-2.150,41.390,41.930,-0.910,1393485.000,42.010,41.370
-3.670,1.050,1.080,-0.040,987644.000,1.120,1.030
1.420,65.770,64.050,0.920,2224108.000,66.180,63.910
-0.750,77.920,77.970,-0.590,580218.000,78.700,77.310
0.180,54.260,53.690,0.100,9765956.000,54.830,53.230
-0.550,10.780,10.710,-0.060,505278.000,11.010,10.560
0.610,9.890,9.660,0.060,592338.000,10.050,9.570
1.150,17.660,17.230,0.200,164657.000,18.010,17.050
-0.700,39.500,39.370,-0.280,368373.000,40.080,38.760
-0.280,30.580,30.520,-0.085,38077799.000,31.190,30.260
-0.290,69.670,69.460,-0.200,500853.000,70.410,69.000
-0.480,20.590,20.400,-0.100,71373.000,20.620,20.260
3.550,54.230,52.000,1.860,349740.000,55.000,52.000
-0.960,104.020,103.720,-1.010,9560937.000,105.230,103.070
0.730,23.340,22.910,0.170,69495.000,23.700,22.910
-1.970,29.300,29.700,-0.590,29660.000,30.080,28.870
-1.370,7.930,7.950,-0.110,142181.000,8.020,7.740
0.310,29.310,28.910,0.090,90839.000,29.580,28.590
-0.160,75.240,74.470,-0.120,445376.000,75.830,74.050
0.110,8.820,8.690,0.010,341701.000,8.840,8.590
-0.610,3.270,3.220,-0.020,1829651.000,3.350,3.210
1.250,99.380,96.850,1.230,1030674.000,100.990,96.260
2.030,10.540,10.170,0.210,48962.000,10.740,10.110
5.090,58.600,55.170,2.840,5574750.000,59.960,54.850
-0.110,26.120,26.150,-0.030,281576.000,26.450,25.660
-1.820,22.130,22.190,-0.410,1077026.000,22.570,21.900
0.260,30.300,30.000,0.080,1077387.000,30.530,29.560
0.370,21.530,21.250,0.080,2911797.000,21.580,21.080
-1.430,6.220,6.160,-0.090,336186.000,6.370,6.010
1.130,26.000,25.330,0.290,3192111.000,26.280,24.950
-0.670,55.130,55.080,-0.370,4644438.000,55.578,54.930
0.300,50.800,50.180,0.150,1313757.000,51.380,49.800
1.160,31.410,30.820,0.360,801379.000,31.520,30.150
-0.340,390.480,387.640,-1.340,22390109.000,395.150,384.000
0.490,10.310,10.150,0.050,28082.000,10.440,10.142
-0.460,45.050,44.920,-0.210,942813.000,45.380,44.780
0.310,16.060,15.870,0.050,9886053.000,16.140,15.790
-11.490,4.700,4.750,-0.610,2353296.000,5.100,4.660
-2.480,10.610,10.760,-0.270,709084.000,11.010,10.570
-1.170,62.480,62.850,-0.740,2646261.000,62.910,62.260
-0.270,101.870,101.760,-0.280,1721536.000,102.750,99.540
-0.540,72.310,72.220,-0.395,1219447.000,73.270,71.530
-0.850,98.790,98.320,-0.850,12229218.000,99.970,97.280
2.140,13.810,13.350,0.290,8506.000,13.930,13.350
-15.620,25.500,26.000,-4.720,3294431.000,26.730,24.600
-0.670,5.940,5.890,-0.040,32588.000,5.980,5.620
-0.750,43.450,43.290,-0.330,360445.000,43.700,43.051
-0.070,59.500,59.250,-0.040,2043095.000,60.390,59.040
-0.080,25.610,25.510,-0.020,4480643.000,25.760,25.360
-1.100,17.100,15.470,-0.190,477925.000,17.220,15.470
1.350,58.490,57.400,0.780,2325235.000,58.840,56.831
2.080,49.000,47.300,1.000,1270490.000,49.070,46.631
-0.550,51.490,51.650,-0.285,2849821.000,52.000,51.080
0.790,10.200,9.970,0.080,452594.000,10.270,9.910
0.290,17.360,17.050,0.050,76942.000,17.510,16.970
-1.100,59.300,59.670,-0.660,5444260.000,60.470,59.030
-0.980,46.700,46.830,-0.460,4072295.000,47.040,46.360
-0.300,16.880,16.700,-0.050,1317222.000,17.050,16.290
0.530,49.110,48.350,0.260,5767027.000,49.485,47.800
0.430,21.010,20.840,0.090,430885.000,21.330,20.670
3.440,6.310,6.010,0.210,87385.000,6.310,6.010
-0.600,122.570,122.210,-0.740,1500857.000,124.100,120.020
-0.100,77.670,76.850,-0.080,5012.000,78.520,76.850
-0.420,66.230,66.260,-0.280,1220288.000,66.530,64.560
-1.470,23.400,23.600,-0.350,423463.000,23.740,23.400
0.200,34.490,33.810,0.070,1568069.000,35.020,33.000
-0.960,79.120,79.090,-0.770,1083074.000,80.870,78.300
-2.390,20.430,20.820,-0.500,179724.000,20.820,20.390
-0.500,41.760,41.280,-0.210,478726.000,42.090,40.690
-0.690,28.830,28.950,-0.200,982265.000,29.210,28.320
-0.190,62.880,62.450,-0.120,5988808.000,63.500,62.150
1.940,178.460,172.500,3.390,1276283.000,179.580,172.380
-0.530,57.650,57.610,-0.310,1747683.000,57.910,57.040
-0.410,84.200,83.400,-0.350,1251143.000,84.908,83.050
1.620,8.790,8.520,0.140,46049.000,8.820,8.490
0.430,109.000,107.620,0.470,120259.000,109.650,106.770
0.450,59.900,58.720,0.270,500006.000,60.140,58.340
0.200,49.760,48.790,0.100,619099.000,50.150,48.580
-0.700,18.530,18.460,-0.130,2636586.000,18.750,18.310
1.630,12.480,12.110,0.200,234803.000,12.600,11.920
0.010,180.120,179.980,0.010,25068.000,183.470,177.810
-0.880,13.490,13.410,-0.120,4110729.000,13.760,13.190
-4.810,48.860,48.980,-2.470,2638673.000,49.930,48.000
0.080,47.180,46.380,0.040,13686874.000,47.590,46.100
-1.680,51.420,51.970,-0.880,8469814.000,52.109,51.290
-1.960,15.010,15.010,-0.300,2394474.000,15.380,14.850
-0.710,16.790,16.740,-0.120,105575.000,17.050,16.480
2.220,15.670,15.130,0.340,45557.000,15.760,15.050
0.520,23.130,22.890,0.120,5392732.000,23.420,22.500
-1.190,3.310,3.280,-0.040,530106.000,3.360,3.200
1.420,6.440,6.300,0.090,1156086.000,6.540,6.200
-2.210,15.910,16.120,-0.360,2881950.000,16.400,15.900
-0.250,73.120,72.560,-0.180,2396190.000,73.900,71.090
-0.910,51.120,51.360,-0.470,1250070.000,51.530,50.910
-1.120,86.880,86.910,-0.980,3024152.000,88.170,86.330
2.170,23.080,22.170,0.490,1167934.000,23.210,21.510
-1.940,13.120,13.180,-0.260,481812.000,13.330,12.950
-0.080,35.800,35.570,-0.030,41434.000,36.000,34.850
-1.270,10.140,10.010,-0.130,1335705.000,10.270,9.770
-5.480,1.380,1.450,-0.080,1352479.000,1.480,1.360
0.490,118.230,116.450,0.580,939145.000,119.360,115.620
0.000,50.350,50.300,0.000,1969795.000,50.540,50.260
0.400,10.120,9.970,0.040,45946.000,10.150,9.616
-0.140,285.450,284.460,-0.390,287471.000,288.090,282.500
-0.440,11.300,11.160,-0.050,99221.000,11.630,11.160
-0.030,33.840,33.490,-0.010,60931.000,34.180,32.731
0.720,65.520,64.580,0.470,267849.000,65.600,64.170
3.450,85.120,80.850,2.840,600364.000,85.510,80.110
-0.940,9.500,9.470,-0.090,4576335.000,9.750,9.290
-3.780,3.820,3.960,-0.150,177530.000,4.030,3.800
0.000,28.120,27.890,0.000,972039.000,28.240,27.680
-0.860,50.670,50.430,-0.440,31527.000,51.260,50.180
-0.690,55.030,54.590,-0.380,2359579.000,55.280,53.880
-1.510,63.150,63.760,-0.970,131827.000,63.790,62.820
0.690,56.800,55.740,0.390,2590698.000,57.600,55.420
-1.230,29.750,29.820,-0.370,13037518.000,30.170,29.680
-0.180,5.670,5.610,-0.010,102262.000,5.700,5.570
0.050,20.970,20.690,0.010,844005.000,21.200,20.440
-0.610,16.290,16.160,-0.100,175781.000,16.490,16.080
-0.850,22.180,22.040,-0.190,4674395.000,22.550,21.800
-0.420,25.950,25.690,-0.110,119528.000,26.240,25.420
-1.050,8.460,8.410,-0.090,173258.000,8.700,8.390
-1.720,41.750,42.160,-0.730,240722.000,42.170,41.590
-4.530,39.820,40.230,-1.890,4489504.000,41.710,39.450
-0.500,21.920,21.870,-0.110,879194.000,22.020,21.770
-2.590,13.890,14.160,-0.370,11212633.000,14.310,13.860
-1.190,66.460,67.320,-0.800,1148598.000,67.320,65.890
-2.360,16.580,16.740,-0.400,28745.000,16.895,16.410
0.870,49.990,48.830,0.430,45001.000,50.770,48.260
0.910,21.080,20.580,0.190,114868.000,21.560,20.320
-0.920,38.690,38.530,-0.360,212969.000,39.209,38.200
0.030,31.550,31.240,0.010,1774279.000,31.910,30.920
-3.970,3.870,3.960,-0.160,433613.000,3.980,3.860
-2.050,79.790,80.790,-1.670,26339917.000,80.880,79.760
0.000,22.000,21.840,0.000,309213.000,22.360,21.770
0.720,25.250,24.860,0.180,980822.000,25.320,24.620
-3.250,42.810,41.260,-1.440,147306.000,44.770,41.260
-0.820,39.710,39.540,-0.330,64690.000,40.400,38.710
0.610,21.530,21.080,0.130,492487.000,21.880,20.960
-0.280,14.150,14.010,-0.040,1973687.000,14.330,13.930
-1.170,50.680,51.130,-0.600,5934496.000,51.360,50.430
-1.410,4.190,4.200,-0.060,137264.000,4.275,4.160
1.150,3.530,3.420,0.040,1066306.000,3.570,3.390
-1.440,56.320,56.450,-0.820,1170015.000,56.670,55.310
-0.320,24.950,24.870,-0.080,399199.000,25.320,24.520
-0.320,18.790,18.740,-0.060,632913.000,19.160,18.500
1.590,24.220,23.690,0.380,8527022.000,24.600,23.660
-1.920,23.040,23.400,-0.450,360341.000,23.440,22.750
-0.670,102.480,101.890,-0.690,3010278.000,103.300,100.590
0.160,51.590,51.120,0.080,68470.000,52.060,50.240
-0.800,4.980,4.950,-0.040,498159.000,5.050,4.880
0.170,34.400,34.030,0.060,2890657.000,34.790,33.670
1.270,75.600,74.330,0.950,180629.000,77.000,73.530
-1.150,27.400,27.520,-0.320,114467077.000,27.710,27.260
-0.320,33.750,34.510,-0.110,4377439.000,34.510,33.330
1.630,57.440,53.310,0.920,937697.000,58.490,53.294
0.170,34.750,34.240,0.060,1648374.000,35.230,33.540
-5.170,78.740,80.860,-4.290,695925.000,82.000,78.010
-1.190,21.530,21.380,-0.260,6746.000,21.870,21.361
-0.490,87.140,86.940,-0.430,4820807.000,87.710,86.600
1.030,6.870,6.730,0.070,9659497.000,7.060,6.700
-1.070,0.930,0.940,-0.010,34177.000,0.940,0.890
0.120,69.220,68.640,0.080,6220798.000,69.680,68.360
0.000,1.530,1.530,0.000,447850.000,1.560,1.470
0.470,8.620,8.460,0.040,172296.000,8.680,8.380
-1.870,6.830,6.770,-0.130,250980.000,7.000,6.520
-0.950,29.340,29.260,-0.280,473943.000,29.800,28.970
-2.960,79.950,81.000,-2.440,1499939.000,81.130,78.120
-1.040,18.020,18.100,-0.190,169730.000,18.166,17.867
0.630,23.940,23.600,0.150,1596503.000,23.950,23.330
2.520,13.020,12.670,0.320,309678.000,13.440,12.670
2.510,38.000,36.970,0.930,70829.000,38.760,36.640
-0.110,9.500,9.400,-0.010,210710.000,9.660,9.270
-1.310,13.600,13.870,-0.180,11304.000,13.980,13.600
-0.830,12.000,11.850,-0.100,68023.000,12.470,11.810
0.420,38.340,37.920,0.160,27112744.000,38.770,37.640
0.450,104.330,102.290,0.470,658358.000,105.660,100.870
1.290,8.610,8.400,0.110,59347.000,8.610,8.400
-0.900,31.930,31.980,-0.290,330132.000,32.180,31.860
-1.130,6.970,6.950,-0.080,356075.000,7.100,6.850
-0.580,39.430,39.050,-0.230,1243502.000,40.145,38.720
0.780,43.760,43.120,0.340,4294592.000,44.050,42.870
3.920,1.060,1.020,0.040,1595144.000,1.070,1.000
-2.780,44.690,45.020,-1.280,246446.000,45.360,41.830
-0.620,47.720,47.560,-0.300,1313650.000,48.510,47.040
0.050,38.700,38.280,0.020,128915.000,38.860,38.100
11.500,1.260,1.150,0.130,530111.000,1.270,1.090
2.350,9.570,9.220,0.220,193205.000,9.590,9.032
-0.140,36.720,36.340,-0.050,164771.000,36.850,36.280
0.840,10.780,10.680,0.090,8715.000,10.890,10.660
-0.790,15.090,14.950,-0.120,2085096.000,15.380,14.780
-0.560,16.020,15.930,-0.090,32529624.000,16.110,15.760
-3.480,6.930,7.070,-0.250,3007793.000,7.180,6.836
1.710,16.620,16.130,0.280,200530.000,16.630,15.600
-1.190,303.250,302.050,-3.650,896572.000,306.865,299.600
-0.190,5.240,5.170,-0.010,853157.000,5.320,5.120
-0.850,42.810,43.160,-0.365,3538554.000,43.325,42.250
-1.770,6.650,6.620,-0.120,196632.000,6.859,6.500
0.000,2.400,2.360,0.000,379360.000,2.440,2.360
-0.720,24.730,24.520,-0.180,371471.000,25.060,24.220
3.650,62.450,59.880,2.200,5171080.000,63.205,59.281
-2.430,16.840,16.980,-0.420,233250.000,17.280,16.600
-0.980,30.240,30.000,-0.300,546561.000,30.380,29.740
0.790,65.160,64.100,0.510,697625.000,65.360,63.670
1.340,21.910,21.640,0.290,16658.000,23.810,20.550
0.000,29.260,28.990,0.000,27174961.000,29.340,28.770
-0.490,24.400,24.200,-0.120,898514.000,24.710,23.836
-1.370,22.250,22.380,-0.310,5108229.000,22.640,22.050
-0.350,60.470,59.510,-0.210,984359.000,61.230,59.010
4.770,0.439,0.420,0.020,1939959.000,0.440,0.411
-1.980,38.620,39.050,-0.780,15866205.000,39.310,38.500
-3.730,16.250,16.720,-0.630,4105045.000,16.790,16.150
0.030,181.850,180.260,0.050,6601845.000,183.430,179.730
0.210,14.640,14.550,0.030,10613.000,14.730,14.330
-0.450,35.490,35.380,-0.160,116291.000,36.000,35.000
-1.640,8.400,8.420,-0.140,1923470.000,8.470,8.270
4.710,46.220,43.880,2.080,465575.000,46.570,43.650
-0.270,37.140,37.010,-0.100,161089.000,37.290,36.750
-0.880,76.620,76.360,-0.680,840623.000,77.590,75.560
1.080,16.830,16.430,0.180,238918.000,16.850,16.350
-0.680,30.490,30.390,-0.210,170906.000,30.730,30.200
-0.700,61.050,61.400,-0.430,148709.000,61.400,60.530
-0.520,40.000,39.920,-0.210,187604.000,40.440,39.380
-1.160,68.010,68.360,-0.800,10171748.000,68.850,67.900
1.030,45.210,44.110,0.460,6097.000,45.840,43.990
-1.460,14.890,14.940,-0.220,578565.000,15.160,14.780
-0.260,54.730,53.970,-0.140,9007090.000,55.180,53.550
-0.680,17.550,17.380,-0.120,234087.000,17.878,17.280
1.920,3.710,3.610,0.070,95163.000,3.740,3.572
-6.830,8.590,9.080,-0.630,451575.000,9.080,8.570
-1.000,19.770,19.900,-0.200,247809.000,19.960,19.560
-0.150,26.060,25.850,-0.040,15234241.000,26.330,25.720
2.190,14.960,14.530,0.320,128531.000,15.110,14.360
-1.250,66.580,66.150,-0.840,758529.000,67.580,65.800
1.600,19.020,18.450,0.300,234701.000,19.090,18.450
0.000,21.260,21.020,0.000,458401.000,21.490,20.960
-0.510,37.250,37.260,-0.190,919968.000,37.530,36.400
-0.710,40.830,40.550,-0.290,532567.000,41.320,40.340
-2.920,17.300,17.620,-0.520,108627.000,17.620,17.040
0.210,79.590,79.110,0.170,1803828.000,79.970,77.924
0.120,25.490,25.120,0.030,218263.000,25.940,24.780
-1.940,15.700,15.800,-0.310,278226.000,16.039,15.660
3.910,1.330,1.250,0.050,1600403.000,1.340,1.200
-0.950,42.710,42.270,-0.410,5463543.000,43.300,41.800
-0.110,46.740,46.640,-0.050,1454210.000,46.890,46.280
-1.810,22.780,23.050,-0.420,7166868.000,23.255,22.730
-2.610,4.100,4.170,-0.110,1457652.000,4.270,4.070
-1.570,15.070,15.170,-0.240,138239.000,15.310,15.000
-0.980,40.250,39.110,-0.400,142686.000,40.710,39.110
0.700,21.610,21.200,0.150,266186.000,21.760,20.960
-0.100,78.250,77.500,-0.080,2388309.000,78.919,77.190
1.280,32.410,31.720,0.410,268165.000,32.830,31.170
0.100,10.370,10.290,0.010,5231.000,10.400,10.120
1.070,23.520,23.040,0.250,77009.000,23.590,22.888
-1.060,1.870,1.880,-0.020,413649.000,1.880,1.840
-1.810,25.000,25.260,-0.460,16687099.000,25.420,24.810
1.490,8.190,8.020,0.120,314270.000,8.210,7.950
5.260,2.400,2.260,0.120,17737570.000,2.410,2.240
0.850,19.060,18.580,0.160,55694.000,19.230,18.530
-1.060,1.860,1.850,-0.020,18675.000,1.880,1.810
1.140,6.190,6.040,0.070,52348.000,6.320,6.020
-1.880,13.020,13.120,-0.250,242429.000,13.120,12.810
-1.110,78.510,78.140,-0.880,5198018.000,79.588,77.790
-2.660,82.120,83.350,-2.240,1078726.000,83.610,82.000
3.900,25.840,26.420,0.970,5792353.000,27.630,25.470
1.310,7.750,7.410,0.100,3859258.000,7.800,7.270
7.180,99.250,90.500,6.650,2932259.000,99.480,87.471
1.940,17.880,17.420,0.340,276151.000,17.890,16.980
0.100,41.490,40.710,0.040,926229.000,41.870,40.520
-0.710,11.140,11.080,-0.080,62341.000,11.330,11.050
-0.740,79.300,78.620,-0.590,26017.000,79.910,77.870
0.550,45.750,44.930,0.250,259804.000,45.890,44.660
-3.300,21.380,21.750,-0.730,444254.000,22.260,20.800
-2.100,61.150,61.770,-1.310,164380.000,61.770,60.770
-0.080,38.890,38.540,-0.030,2850828.000,39.285,38.270
-1.370,39.740,39.300,-0.550,399629.000,40.120,38.020
-0.680,21.830,21.360,-0.150,1827729.000,22.040,21.350
1.860,16.400,16.000,0.300,5482225.000,16.520,15.750
-0.370,21.790,21.700,-0.080,281283.000,22.070,21.600
0.610,26.440,26.070,0.160,14512.000,26.710,25.790
0.000,9.400,9.310,0.000,227894.000,9.480,9.200
-0.930,31.980,31.750,-0.300,329328.000,32.450,31.341
-0.290,27.350,27.030,-0.080,130195.000,27.710,26.750
0.590,20.550,20.190,0.120,890363.000,20.560,20.090
-1.770,13.880,13.800,-0.250,232751.000,14.120,13.130
1.240,17.150,16.730,0.210,92759.000,17.468,16.680
-0.730,25.880,25.900,-0.190,23710.000,26.400,25.380
-1.150,50.500,50.540,-0.590,182499.000,50.960,50.060
-0.190,37.060,36.930,-0.070,2061816.000,37.340,36.540
-0.350,37.110,36.960,-0.130,5843127.000,37.440,36.420
-0.050,39.140,38.800,-0.020,1419328.000,39.610,38.500
0.210,46.640,46.280,0.100,4897431.000,46.980,46.000
-0.570,40.450,40.240,-0.230,37627777.000,40.750,39.900
0.950,32.980,32.830,0.310,573511.000,33.280,31.870
-0.610,34.380,34.340,-0.210,7920872.000,34.640,34.260
4.090,3.560,3.380,0.140,354481.000,3.660,3.380
2.480,1.650,1.580,0.040,129552.000,1.680,1.550
-6.660,32.810,33.610,-2.340,2140097.000,34.340,30.690
-1.100,7.180,7.200,-0.080,72567.000,7.300,7.140
0.000,13.830,13.690,0.000,16912356.000,13.960,13.620
1.350,103.950,101.730,1.380,2626370.000,104.990,100.600
1.310,8.520,8.350,0.110,61871.000,8.600,8.320
-0.620,24.020,24.040,-0.150,17571788.000,24.340,23.870
0.560,3.560,3.470,0.020,77555.000,3.650,3.430
-2.320,16.850,17.080,-0.400,2271108.000,17.244,16.820
0.080,25.720,25.440,0.020,854310.000,25.900,25.120
-0.120,90.880,90.000,-0.110,36567.000,93.300,88.811
0.000,5.560,5.560,0.000,948534.000,5.720,5.400
-0.380,21.220,20.980,-0.080,181255.000,21.550,20.535
0.500,20.000,19.630,0.100,1332530.000,20.020,19.410
0.500,4.030,3.950,0.020,164222.000,4.140,3.910
1.710,4.750,4.900,0.080,65212.000,4.900,4.650
-0.670,7.370,7.300,-0.050,45004050.000,7.530,7.220
-0.670,14.730,14.550,-0.100,21923796.000,14.930,14.500
-0.670,16.290,16.160,-0.110,48502.000,16.560,16.060
-2.340,71.760,72.140,-1.720,2340090.000,72.650,71.130
1.270,33.530,32.660,0.420,286606.000,34.010,32.550
1.000,40.400,39.850,0.400,21178.000,40.500,39.850
9.310,31.690,30.510,2.700,15396612.000,32.890,29.910
2.850,11.550,11.170,0.320,66783.000,11.600,11.170
1.650,368.170,359.220,5.970,7531.000,375.580,355.000
0.080,12.720,12.600,0.010,1290553.000,12.830,12.530
-0.740,69.590,69.470,-0.520,377405.000,70.090,69.290
0.270,7.490,7.390,0.020,18671762.000,7.580,7.250
-4.030,16.690,17.180,-0.700,44654.000,17.180,16.340
1.240,18.760,18.600,0.230,1571362.000,19.010,18.470
-1.650,60.230,60.620,-1.010,288407.000,61.175,60.200
-2.120,28.620,29.000,-0.620,935412.000,29.500,28.560
-1.700,5.790,5.790,-0.100,256189.000,5.920,5.670
0.640,42.530,41.690,0.270,7920313.000,43.850,41.590
0.160,55.300,54.820,0.090,2484763.000,56.085,54.560
-0.540,71.370,71.000,-0.390,1688744.000,72.080,70.890
-1.520,100.360,100.700,-1.550,121535.000,101.600,99.840
1.220,32.370,31.740,0.390,296450.000,32.745,31.740
-0.090,10.650,10.540,-0.010,727215.000,10.710,10.440
-0.020,50.830,50.550,-0.010,2422334.000,51.050,49.950
-3.110,26.820,27.460,-0.860,5294814.000,27.460,23.800
7.140,53.840,50.620,3.590,1347288.000,54.420,48.660
-1.800,32.750,33.120,-0.600,10595566.000,33.480,32.710
-0.620,222.520,221.290,-1.380,5120730.000,225.750,219.510
-1.750,45.030,45.510,-0.800,3175193.000,45.510,44.630
-1.080,29.300,29.410,-0.320,5367466.000,29.675,29.200
-1.090,19.020,19.030,-0.210,25345.000,19.600,18.740
-0.820,9.710,9.640,-0.080,185380275.000,9.950,9.600
2.560,42.230,41.040,1.055,311110.000,42.560,40.710
0.050,37.970,37.530,0.020,68225.000,38.350,37.280
0.000,10.660,10.510,0.000,52918.000,10.880,10.500
-0.240,265.990,261.090,-0.630,3323407.000,266.720,260.500
-2.000,52.960,53.160,-1.080,15651331.000,53.830,52.180
-2.010,31.160,31.440,-0.640,185563.000,31.640,31.000
0.020,61.460,60.590,0.010,670195.000,61.920,59.820
0.950,7.470,7.320,0.070,473658.000,7.480,7.150
1.840,24.850,24.280,0.450,435492.000,25.210,23.940
-0.770,20.550,20.370,-0.160,6023648.000,20.775,20.140
0.910,34.190,33.700,0.310,128466.000,34.500,33.500
0.310,19.400,19.190,0.060,263357.000,19.430,19.020
-1.190,9.930,9.860,-0.120,568600.000,10.070,9.720
-0.920,8.580,8.530,-0.080,877454.000,8.780,8.470
-0.070,15.250,15.080,-0.010,359779.000,15.570,14.930
-3.210,5.720,5.850,-0.190,1323198.000,5.940,5.720
-0.190,31.630,31.450,-0.060,2298310.000,31.900,31.020
-3.780,69.050,70.520,-2.710,2488851.000,71.370,68.060
-1.630,14.490,14.560,-0.240,1032837.000,14.910,14.311
1.650,32.630,31.790,0.530,1258035.000,32.680,31.500
-0.450,8.780,8.710,-0.040,309508.000,8.830,8.610
0.630,12.870,12.580,0.080,792913.000,12.880,12.490
-3.230,4.800,4.700,-0.160,1686330.000,5.260,4.520
-1.880,42.360,42.730,-0.810,371660.000,42.921,41.910
0.410,29.420,28.720,0.120,2729548.000,29.710,28.190
-1.770,15.560,15.750,-0.280,183332.000,15.760,15.540
-1.210,15.540,15.570,-0.190,233555.000,15.740,15.430
-1.090,40.740,41.080,-0.450,266416.000,41.140,40.600
0.330,63.530,62.390,0.210,1561291.000,64.130,62.010
1.060,18.150,17.890,0.190,306348.000,18.250,17.500
4.660,28.100,28.100,1.250,17957622.000,28.555,27.840
-0.370,10.700,10.610,-0.040,300961.000,10.800,10.520
-4.960,1.340,1.400,-0.070,1734915.000,1.410,1.340
-0.970,70.260,70.710,-0.690,372009.000,70.910,69.620
-0.060,16.280,16.110,-0.010,3188046.000,16.460,15.980
-1.680,48.480,48.590,-0.830,330192.000,48.910,48.110
6.360,10.870,10.090,0.650,439219.000,10.950,10.060
1.450,140.360,137.340,2.000,280813.000,140.820,135.650
0.060,90.150,88.340,0.050,41080.000,90.520,88.340
0.580,68.140,67.370,0.390,2523472.000,68.630,66.560
0.110,37.420,36.890,0.040,7196061.000,37.660,36.770
-0.800,21.020,21.070,-0.170,1518089.000,21.270,20.710
-0.710,21.040,20.900,-0.150,726577.000,21.690,20.900
-1.750,39.370,39.230,-0.700,1771379.000,40.440,38.270
-0.780,17.790,17.680,-0.140,1937004.000,17.980,17.350
-1.280,12.320,12.380,-0.160,20444650.000,12.547,12.240
3.560,21.800,20.690,0.750,8164201.000,22.035,20.510
0.090,22.780,22.550,0.020,48554.000,23.360,22.540
0.000,24.460,24.380,0.000,1124738.000,24.620,23.930
0.220,9.090,8.960,0.020,1214501.000,9.300,8.910
-2.090,15.020,15.190,-0.320,1136917.000,15.360,14.980
-0.340,38.270,38.010,-0.130,131740.000,38.520,37.390
1.620,39.430,38.360,0.630,959226.000,39.650,38.330
-2.670,33.600,33.910,-0.920,577155.000,34.390,33.440
-2.150,17.260,17.460,-0.380,933449.000,17.560,17.140
-1.110,27.710,28.000,-0.310,7868149.000,28.150,27.630
-1.610,4.270,4.270,-0.070,214264.000,4.339,4.150
0.470,19.090,18.810,0.090,344547.000,19.280,18.660
-0.490,32.220,31.930,-0.160,122786.000,32.690,31.750
-2.610,26.880,27.170,-0.720,29883.000,27.470,25.910
-0.360,25.210,25.020,-0.090,452115.000,25.710,24.690
0.940,63.050,61.370,0.590,950268.000,63.750,61.000
-4.370,1.750,1.800,-0.080,1164287.000,1.940,1.750
-0.170,17.610,17.570,-0.030,113069.000,17.700,17.400
-0.350,28.230,28.100,-0.100,3836069.000,28.610,27.880
1.630,29.980,29.270,0.480,546026.000,30.390,28.980
-2.810,73.690,75.200,-2.130,526088.000,75.200,73.600
-0.580,18.740,18.750,-0.110,685906.000,18.960,18.060
-1.680,35.160,35.530,-0.600,8305844.000,35.960,35.150
8.000,15.520,15.180,1.150,9600992.000,15.940,14.530
-0.460,37.120,36.880,-0.170,190009.000,37.290,36.670
-0.710,61.200,60.910,-0.440,695.000,61.430,60.900
1.170,21.550,21.090,0.250,596973.000,21.560,20.841
-0.570,17.510,17.500,-0.100,268834.000,17.660,17.270
0.680,68.590,66.780,0.460,573978.000,68.820,66.780
-0.660,51.070,50.920,-0.340,60929.000,51.550,50.323
-0.430,67.100,66.930,-0.290,745660.000,67.830,66.530
0.810,27.380,26.800,0.220,2515394.000,27.475,26.600
-0.330,45.490,45.030,-0.150,140268.000,45.590,44.520
-0.510,52.750,52.180,-0.270,572014.000,53.600,52.020
-0.950,5.190,5.190,-0.050,142294.000,5.270,5.070
-13.080,9.570,10.450,-1.440,143566.000,10.480,9.250
-2.060,6.660,6.700,-0.140,633251.000,6.820,6.470
-0.050,19.380,19.310,-0.010,41883.000,19.770,19.280
0.000,5.450,5.370,0.000,9544.000,5.490,5.270
0.290,17.560,17.370,0.050,4433964.000,17.830,17.270
3.230,0.640,0.655,0.020,148769.000,0.655,0.622
-1.130,153.680,153.340,-1.750,2520908.000,155.250,149.680
0.680,62.220,62.100,0.420,2042889.000,62.820,61.890
-3.660,9.200,9.360,-0.350,3400115.000,9.410,9.110
0.760,14.600,14.310,0.110,796471.000,14.960,14.000
-0.540,11.050,10.910,-0.060,637194.000,11.380,10.590
-0.810,75.640,74.960,-0.620,238527.000,77.710,73.760
-1.360,39.870,40.010,-0.550,1485070.000,40.350,39.600
0.610,84.480,83.310,0.510,63381.000,85.040,82.980
-1.030,21.200,21.050,-0.220,72159.000,21.680,20.810
-1.330,19.260,19.250,-0.260,2257938.000,19.620,18.930
0.430,9.400,9.320,0.040,1082502.000,9.430,9.310
-1.870,19.400,19.580,-0.370,1630909.000,19.720,19.300
-0.470,72.380,71.890,-0.340,264926.000,73.040,71.410
-0.120,17.040,16.740,-0.020,410989.000,17.360,16.600
0.610,37.960,37.480,0.230,467958.000,38.180,37.110
0.280,40.090,39.890,0.110,15571254.000,40.890,39.240
-1.570,98.180,98.690,-1.570,6996157.000,99.540,98.040
-1.180,19.320,19.260,-0.230,4096730.000,19.620,19.010
1.560,1.300,1.240,0.020,8313414.000,1.310,1.240
-0.750,5.310,5.280,-0.040,56245.000,5.350,5.150
-0.840,81.630,81.330,-0.690,571841.000,82.260,80.770
-2.290,34.130,34.640,-0.800,19086592.000,34.700,34.050
-0.800,157.070,154.930,-1.270,9776478.000,158.460,152.340
-0.710,28.110,28.070,-0.200,5183821.000,28.990,27.800
-1.690,60.360,61.000,-1.040,1194992.000,61.000,60.120
2.910,33.950,33.320,0.960,670253.000,34.280,32.300
-14.590,0.230,0.260,-0.039,248972.000,0.266,0.221
-1.020,56.110,55.970,-0.580,83702.000,56.435,55.640
-1.730,19.830,20.170,-0.350,55030.000,20.250,19.800
2.040,76.370,73.900,1.530,436622.000,77.230,73.360
0.140,7.360,7.120,0.010,15825678.000,7.490,7.020
-0.780,33.220,33.010,-0.260,297797.000,33.920,32.970
-2.350,70.100,71.090,-1.690,102539.000,71.310,69.090
-1.700,12.740,12.810,-0.220,142503.000,12.890,12.550
-1.070,72.040,71.870,-0.780,3424693.000,73.400,70.760
-0.840,29.600,29.610,-0.250,308239.000,29.840,29.440
-1.120,23.010,22.840,-0.260,2941136.000,23.350,22.050
-1.240,8.790,8.770,-0.110,178878.000,8.940,8.570
0.630,38.130,37.180,0.240,690699.000,38.560,37.160
-0.570,19.249,19.210,-0.111,47341610.000,19.490,19.050
-1.860,39.120,39.420,-0.740,181962.000,40.110,38.630
-0.370,43.560,43.600,-0.160,976489.000,43.840,43.500
2.000,35.650,34.260,0.700,1992174.000,35.980,33.950
1.020,6.940,6.790,0.070,221673.000,6.960,6.720
-3.160,9.810,9.770,-0.320,20802792.000,10.000,9.220
-0.140,14.330,14.280,-0.020,604166.000,14.570,14.220
-1.650,10.750,10.780,-0.180,1087214.000,11.010,10.600
-0.550,19.790,19.720,-0.110,177713.000,20.120,19.520
-0.490,75.770,75.380,-0.370,1323869.000,76.620,75.000
-0.530,26.040,25.900,-0.140,500146.000,26.310,25.650
-1.930,16.240,16.390,-0.320,22149240.000,16.600,16.145
2.440,25.160,24.350,0.600,249391.000,25.330,24.260
-0.280,82.940,82.560,-0.230,293494.000,83.330,81.680
-1.190,41.490,41.480,-0.500,6208531.000,42.300,40.410
-0.450,15.650,15.580,-0.070,120858.000,15.860,15.200
1.540,3.290,3.320,0.050,650345.000,3.370,3.230
-0.920,4.330,4.310,-0.040,594157.000,4.540,4.290
0.490,37.890,37.490,0.185,2060638.000,38.450,37.160
-0.050,21.300,20.930,-0.010,134805.000,21.370,20.780
0.750,29.470,28.820,0.220,83171.000,29.750,28.750
-0.660,66.700,66.090,-0.440,2066880.000,67.440,65.570
-1.480,33.250,33.130,-0.500,766243.000,33.830,32.600
1.470,24.080,23.510,0.350,24315.000,24.290,23.160
-0.810,25.810,25.940,-0.210,959713.000,26.010,25.560
0.000,11.360,11.220,0.000,46802.000,11.538,11.220
-0.660,9.000,9.050,-0.060,4556286.000,9.060,8.775
-0.180,16.810,16.670,-0.030,2076219.000,16.870,16.400
-0.530,24.490,24.250,-0.130,4751051.000,24.880,24.170
-0.710,30.760,30.590,-0.220,5262130.000,31.090,30.410
-1.560,5.680,5.750,-0.090,5357.000,5.850,5.680
-0.810,47.520,47.310,-0.390,5537650.000,48.320,46.900
0.480,44.060,43.380,0.210,213489.000,44.310,43.200
-1.210,26.160,26.010,-0.320,38501.000,26.520,25.900
-0.210,43.040,43.020,-0.090,600931.000,43.810,42.560
2.380,54.700,54.730,1.270,10450184.000,55.200,53.050
1.670,21.860,21.300,0.360,1696296.000,22.070,21.040
-10.710,1.000,1.090,-0.120,1047682.000,1.090,0.950
-0.900,23.160,23.010,-0.210,7544.000,23.920,23.010
-0.120,32.540,32.340,-0.040,2359843.000,32.970,31.950
-0.190,32.020,31.810,-0.060,288318.000,32.165,31.520
3.260,10.150,9.670,0.320,934602.000,10.330,9.670
-0.290,115.350,114.690,-0.340,618244.000,116.570,111.540
-0.220,13.920,13.810,-0.030,375594.000,14.095,13.690
-0.920,87.570,87.100,-0.810,936849.000,88.520,86.430
-2.930,35.170,35.800,-1.060,20300343.000,35.875,35.100
-0.180,44.920,44.600,-0.080,506505.000,45.170,44.100
-0.550,5.440,5.380,-0.030,473213.000,5.500,5.340
2.740,400.550,387.310,10.690,669431.000,404.000,384.740
0.140,69.870,69.010,0.100,2888134.000,70.100,68.380
0.580,15.590,15.270,0.090,154571.000,15.750,15.150
0.090,31.870,31.570,0.030,786924.000,31.920,31.420
-0.840,43.670,43.610,-0.370,1452391.000,44.890,42.730
0.230,4.400,4.350,0.010,120485.000,4.470,4.350
0.010,76.490,75.300,0.010,365651.000,76.720,74.510
-3.430,39.940,40.510,-1.420,1130044.000,41.260,39.650
-0.720,4.110,4.100,-0.030,454640.000,4.280,4.080
-1.750,7.870,7.890,-0.140,75837.000,8.020,7.820
-1.620,16.420,16.470,-0.270,90099.000,17.130,16.324
1.860,32.790,31.810,0.600,734862.000,32.890,31.360
0.000,32.100,31.870,0.000,5670464.000,32.490,31.610
-0.950,32.390,32.340,-0.310,191238.000,32.620,31.890
-2.570,48.120,48.000,-1.270,3778547.000,48.790,47.710
0.480,87.890,86.630,0.420,1179831.000,88.880,86.070
-2.310,74.080,74.700,-1.750,2264421.000,75.197,73.700
-2.120,2.770,2.800,-0.060,528486.000,2.800,2.700
-0.160,43.390,42.890,-0.070,2782490.000,43.560,42.310
0.910,33.090,32.510,0.300,12826.000,33.490,32.510
-0.960,22.680,22.550,-0.220,329760.000,23.180,22.273
-1.010,50.040,50.130,-0.510,6788064.000,50.370,49.540
-0.180,38.190,38.260,-0.070,19111110.000,38.290,38.150
8.090,51.860,49.890,3.880,4951681.000,52.630,48.450
-0.360,8.390,8.340,-0.030,318300.000,8.690,8.260
-1.130,39.450,39.640,-0.450,109153.000,40.000,38.970
-2.960,13.100,13.890,-0.400,67602759.000,14.070,13.040
-1.570,58.810,58.840,-0.940,430726.000,59.560,58.370
-0.580,11.920,11.850,-0.070,391258.000,11.990,11.710
-0.370,88.730,87.860,-0.330,1754119.000,89.750,87.750
-1.940,13.640,13.480,-0.270,104556.000,13.940,13.100
1.250,4.860,4.730,0.060,31906.000,4.870,4.700
0.270,52.820,51.950,0.140,4175838.000,53.230,51.890
-0.260,19.490,19.360,-0.050,1165147.000,19.660,19.140
1.170,48.320,47.270,0.560,448383.000,48.680,46.820
2.940,537.650,528.180,15.360,1354349.000,542.870,526.000
0.580,83.540,82.980,0.480,1368255.000,84.240,82.190
3.190,41.360,40.070,1.280,130742.000,41.460,39.556
0.160,30.660,30.250,0.050,140793.000,30.830,30.000
-1.590,11.740,11.640,-0.190,3884327.000,11.850,11.170
-0.190,79.940,80.070,-0.150,4051510.000,80.090,79.940
0.550,56.800,55.900,0.310,1302414.000,57.180,55.620
-0.470,8.410,8.450,-0.040,1267766.000,8.460,8.400
-0.210,38.630,38.150,-0.080,151344.000,39.094,38.110
-0.380,54.780,54.390,-0.210,15182961.000,55.370,54.060
0.600,54.100,53.190,0.320,3419848.000,54.520,52.210
