1.830,11.660,11.410,0.210,98619.000,11.800,11.410
-0.050,21.750,21.750,-0.010,131724.000,21.900,21.630
0.310,13.090,13.080,0.040,231404.000,13.120,12.890
-0.600,67.480,67.480,-0.410,315427.000,67.935,66.980
0.160,6.260,6.250,0.010,701685.000,6.320,6.190
-0.330,33.710,33.760,-0.110,1016227.000,33.875,33.620
1.500,54.070,52.980,0.800,685503.000,54.170,52.500
-0.160,25.710,25.720,-0.040,1093665.000,25.830,25.570
-0.330,36.470,36.600,-0.120,2630482.000,36.732,36.350
1.020,18.760,18.460,0.190,2754972.000,18.990,18.460
2.400,47.740,46.600,1.120,4314.000,47.740,46.600
0.120,57.760,57.700,0.070,1198596.000,58.020,57.430
0.480,37.680,37.390,0.180,2327818.000,37.690,37.230
-0.990,18.050,18.140,-0.180,89008.000,18.280,17.870
0.540,20.300,20.120,0.110,33229.000,20.490,20.100
-0.920,19.320,19.370,-0.180,318105.000,19.430,19.020
2.260,37.990,37.500,0.840,1413456.000,38.130,37.178
1.760,16.160,15.830,0.280,539685.000,16.250,15.700
0.000,3.270,3.270,0.000,1330369.000,3.385,3.240
1.830,54.100,53.150,0.970,684903.000,54.480,52.870
0.360,11.150,11.130,0.040,96276.000,11.150,11.100
1.050,4.800,4.730,0.050,141669.000,4.830,4.540
0.780,74.730,74.130,0.580,3615930.000,75.160,74.010
-0.980,16.200,16.300,-0.160,57180.000,16.340,16.090
3.310,10.910,10.500,0.350,26877.000,10.930,10.460
-0.920,24.840,24.960,-0.230,21073.000,25.110,24.650
-0.980,15.100,15.240,-0.150,196085.000,15.320,14.890
-0.190,37.580,37.560,-0.070,73380.000,37.640,37.210
-0.940,12.080,12.180,-0.115,4337777.000,12.230,11.950
0.050,19.050,18.970,0.010,31176461.000,19.100,18.960
1.720,13.580,13.350,0.230,240221.000,13.580,13.070
2.490,5.770,5.640,0.140,336271.000,5.810,5.560
0.530,17.000,16.850,0.090,216417.000,17.040,16.820
-1.150,52.440,52.940,-0.610,648618.000,53.040,51.970
0.930,13.000,12.840,0.120,351026.000,13.060,12.830
0.950,51.830,51.240,0.490,676464.000,51.990,51.120
-1.430,32.970,33.460,-0.480,376419.000,33.523,32.660
-3.160,14.720,15.170,-0.480,1777261.000,15.170,14.560
-0.080,47.080,47.110,-0.040,2587040.000,47.270,46.550
-0.100,67.550,67.630,-0.070,7035746.000,67.750,67.370
-1.500,9.870,10.000,-0.150,380200.000,10.060,9.820
4.260,5.140,4.940,0.210,333268.000,5.170,4.900
-0.210,86.920,87.250,-0.180,623537.000,87.660,86.730
0.160,85.220,84.920,0.140,547532.000,85.500,84.920
2.000,68.490,67.320,1.340,247010.000,68.580,67.312
1.170,18.180,17.930,0.210,1316012.000,18.220,17.870
-0.210,37.480,37.430,-0.080,173564.000,37.600,37.250
0.400,14.950,14.990,0.060,58573.000,14.990,14.760
-0.910,31.500,31.630,-0.290,6930261.000,31.780,31.220
1.560,68.240,67.320,1.050,6411206.000,68.590,67.180
0.430,54.010,53.790,0.230,2240233.000,54.080,53.660
-1.260,8.640,8.740,-0.110,90534.000,8.740,8.370
0.860,25.890,25.600,0.220,157782.000,25.987,25.600
-1.120,7.930,7.970,-0.090,924887.000,8.020,7.870
1.710,8.330,8.160,0.140,32954.000,8.340,8.130
0.860,4.710,4.670,0.040,984569.000,4.710,4.570
0.000,13.460,13.430,0.000,979067.000,13.540,13.430
0.670,11.980,11.900,0.080,1902377.000,12.080,11.770
2.150,9.520,9.370,0.200,2128716.000,9.520,9.160
0.680,64.700,64.530,0.440,9235413.000,64.940,64.340
0.130,7.450,7.450,0.010,38658.000,7.480,7.290
0.260,23.200,23.100,0.060,1304559.000,23.200,23.000
0.260,80.010,79.620,0.210,2925561.000,80.010,78.700
-1.400,9.830,9.970,-0.140,1123705.000,10.040,9.740
1.080,61.510,60.740,0.660,391895.000,61.540,60.740
0.700,81.020,80.280,0.560,453314.000,81.560,80.090
-2.190,2.680,2.750,-0.060,90087.000,2.860,2.680
-2.440,1.200,1.230,-0.030,140027.000,1.240,1.200
0.610,34.450,34.250,0.210,2054678.000,34.610,34.150
0.910,90.810,90.050,0.820,428374.000,92.000,89.690
-0.570,12.210,12.230,-0.070,669080.000,12.340,12.170
0.810,11.270,11.235,0.090,441202.000,11.290,11.169
1.050,63.660,63.020,0.660,1045913.000,64.100,63.020
0.500,88.440,87.720,0.440,664707.000,88.810,87.220
0.560,37.540,37.390,0.207,14799195.000,37.550,37.140
-0.070,41.610,41.460,-0.030,2599166.000,41.950,41.020
-1.670,30.060,30.450,-0.510,5419726.000,30.720,29.860
0.000,4.960,4.940,0.000,666986.000,4.960,4.910
1.640,42.250,41.730,0.680,6097502.000,42.250,41.650
0.150,19.790,19.740,0.030,8996603.000,19.820,19.610
1.060,24.810,24.440,0.260,12196.000,24.850,24.251
-1.060,43.700,44.000,-0.470,1489477.000,44.400,43.340
1.450,6.280,6.160,0.090,1397496.000,6.280,6.080
0.540,50.620,50.260,0.270,283783.000,50.680,49.730
0.020,96.720,96.800,0.020,1518071.000,97.940,96.031
1.180,23.160,22.910,0.270,2905462.000,23.220,22.840
0.370,13.710,13.620,0.050,3412710.000,13.750,13.590
-0.890,30.040,30.150,-0.270,436754.000,30.310,29.810
1.770,38.580,37.870,0.670,40874.000,38.740,37.460
0.970,41.800,41.180,0.400,277870.000,41.870,40.670
-1.010,29.380,29.550,-0.300,5659139.000,29.690,29.030
0.000,26.510,26.340,0.000,4403336.000,26.550,26.070
1.370,22.130,21.760,0.300,1523017.000,22.220,21.540
0.290,34.970,34.880,0.100,335754.000,35.050,34.500
-1.380,7.150,7.260,-0.100,551199.000,7.350,7.100
-0.290,6.940,6.930,-0.020,1321348.000,7.000,6.800
1.360,11.960,11.810,0.160,6039044.000,11.970,11.750
-3.120,9.630,9.910,-0.310,6568089.000,9.910,9.530
0.000,17.810,17.710,0.000,142032.000,17.960,17.470
1.040,105.170,104.130,1.080,12575.000,106.000,103.000
0.610,22.960,22.860,0.140,148384.000,23.580,22.620
0.000,1.710,1.720,0.000,203570.000,1.740,1.690
-1.220,6.470,6.600,-0.080,4671021.000,6.600,6.400
-2.920,43.230,44.280,-1.300,3126849.000,44.310,43.040
0.340,55.510,55.330,0.190,67734.000,55.510,54.710
-0.330,33.670,33.700,-0.110,2261446.000,33.860,33.380
0.000,7.360,7.310,0.000,74827.000,7.360,7.250
-0.130,44.850,44.910,-0.060,660391.000,45.114,44.720
-1.860,41.140,41.710,-0.780,957768.000,42.170,40.500
0.630,3.220,3.150,0.020,114856.000,3.260,3.150
1.600,17.830,17.450,0.280,689354.000,17.860,17.330
-0.890,34.360,34.410,-0.310,2331624.000,34.440,34.270
-0.720,15.080,15.150,-0.110,6573372.000,15.250,14.980
-0.610,13.130,13.220,-0.080,4561636.000,13.240,13.080
-0.500,59.200,59.520,-0.300,167088.000,59.850,57.990
0.280,53.740,53.400,0.150,2441303.000,54.380,53.030
2.760,33.530,32.670,0.900,1663633.000,33.530,32.500
1.020,90.420,89.630,0.910,4238695.000,90.610,89.350
1.430,11.320,11.200,0.160,53360.000,11.320,11.130
-1.850,40.360,41.100,-0.760,782035.000,41.130,40.150
3.560,11.340,11.340,0.390,4438167.000,11.380,10.950
-0.250,8.110,8.210,-0.020,34663.000,8.300,7.990
1.400,43.500,43.000,0.600,1336170.000,43.560,42.980
1.530,13.960,13.710,0.210,127602.000,14.100,13.500
-0.700,15.560,15.620,-0.110,42814037.000,15.680,15.450
-0.130,54.900,54.680,-0.070,238725.000,54.960,54.210
-0.590,10.040,10.050,-0.060,1894120.000,10.105,9.930
2.040,115.820,113.290,2.310,2710759.000,116.750,113.290
0.110,9.130,9.120,0.010,14801031.000,9.200,9.010
1.970,13.970,13.580,0.270,18330385.000,13.970,13.560
1.530,3.320,3.270,0.050,593481.000,3.320,3.200
0.710,1.410,1.400,0.010,855607.000,1.430,1.380
0.510,27.480,27.270,0.140,75256.000,27.720,27.270
0.410,19.820,20.000,0.080,3436047.000,20.300,19.690
0.510,55.330,54.850,0.280,636489.000,55.530,54.680
-0.050,36.570,36.450,-0.020,6954020.000,36.740,36.320
0.610,85.330,84.800,0.520,716327.000,85.660,84.510
1.630,48.295,47.640,0.775,108153.000,48.430,47.330
1.650,25.810,25.420,0.420,529410.000,26.080,25.230
0.280,50.560,50.200,0.140,1106497.000,50.840,50.110
-0.250,55.310,55.420,-0.140,2034274.000,55.620,54.810
2.360,18.230,17.830,0.420,63611.000,18.690,17.710
1.140,16.930,16.740,0.190,80472.000,16.930,16.620
0.000,1.220,1.210,0.000,1072401.000,1.240,1.190
0.260,85.860,85.640,0.220,5739946.000,86.280,85.300
0.320,12.730,12.630,0.040,941551.000,12.740,12.570
2.550,57.520,56.080,1.430,452988.000,57.520,55.810
0.620,53.720,53.430,0.330,7833103.000,53.950,53.430
-0.140,35.060,34.950,-0.050,45227.000,35.300,34.620
0.650,10.790,10.690,0.070,33883.000,10.790,10.690
-1.000,27.630,27.980,-0.280,3507345.000,28.170,27.590
0.160,19.360,19.360,0.030,1722943.000,19.430,19.260
-0.280,24.690,24.660,-0.070,1217079.000,24.730,24.510
1.520,7.330,7.230,0.110,112425.000,7.360,7.220
-1.900,9.290,9.450,-0.180,105472.000,9.490,9.200
1.650,4.920,4.810,0.080,642205.000,4.950,4.810
0.890,29.450,29.120,0.260,214649.000,29.650,29.060
-0.120,34.000,33.900,-0.040,951217.000,34.130,33.775
1.360,67.950,67.090,0.910,322689.000,68.340,66.730
-3.750,2.820,2.900,-0.110,19027487.000,2.940,2.810
0.120,50.130,49.780,0.060,1514204.000,50.130,48.890
0.380,55.000,54.910,0.210,454155.000,55.510,54.850
0.080,12.680,12.650,0.010,526531.000,12.740,12.520
0.880,18.330,18.100,0.160,9488148.000,18.380,17.820
1.110,52.090,51.540,0.570,4227883.000,52.150,51.190
-0.090,46.330,46.420,-0.040,789960.000,46.950,46.030
0.920,39.650,39.280,0.360,1294386.000,39.735,39.130
-1.230,38.590,38.940,-0.480,1125334.000,39.100,38.570
0.890,1.130,1.110,0.010,632007.000,1.140,1.080
0.220,74.060,73.720,0.160,1380168.000,74.200,73.120
-0.300,76.300,76.180,-0.230,495614.000,76.640,76.080
0.910,54.150,53.660,0.490,6255907.000,54.500,52.960
-0.900,11.000,11.090,-0.100,206691.000,11.180,10.970
0.720,11.220,11.140,0.080,354262.000,11.280,11.010
3.130,20.760,20.110,0.630,231404.000,20.760,19.870
1.810,47.890,46.930,0.850,479355.000,48.120,46.930
0.450,33.210,33.000,0.150,22262792.000,33.250,32.870
0.310,70.990,70.750,0.220,335888.000,72.360,70.750
0.230,22.090,22.080,0.050,73560.000,22.125,21.740
0.140,50.810,50.570,0.070,103566.000,50.820,50.490
-0.040,105.080,104.820,-0.040,6133313.000,105.235,104.570
0.730,23.360,23.090,0.170,24515.000,23.480,23.000
-0.670,31.150,31.360,-0.210,16665.000,31.700,30.680
0.720,8.390,8.330,0.060,113054.000,8.420,8.290
1.590,31.370,31.010,0.490,59656.000,31.530,30.840
0.210,84.730,84.240,0.180,359654.000,85.040,83.880
1.110,9.110,8.990,0.100,318599.000,9.110,8.930
0.260,3.920,3.910,0.010,611499.000,3.960,3.800
-0.140,110.270,110.030,-0.150,449246.000,110.670,108.100
1.720,11.240,11.020,0.190,33222.000,11.250,10.910
0.550,58.260,57.650,0.320,1972324.000,58.760,57.460
-0.310,25.550,25.580,-0.080,121189.000,25.750,25.420
-1.280,22.410,22.590,-0.290,1001754.000,22.660,22.170
0.340,32.390,32.280,0.110,569486.000,32.520,32.210
0.640,23.760,23.530,0.150,1351093.000,23.760,23.460
-1.080,7.320,7.410,-0.080,233165.000,7.470,7.290
-0.280,28.070,28.100,-0.080,2841837.000,28.220,27.830
0.140,58.610,58.560,0.080,2692760.000,59.020,58.220
-0.430,53.250,53.120,-0.230,2273968.000,53.285,52.640
0.640,33.030,32.900,0.210,289281.000,33.040,32.570
0.670,351.760,348.950,2.330,15796687.000,354.100,346.710
0.390,10.330,10.240,0.040,57162.000,10.390,10.130
-0.130,45.000,45.060,-0.060,765156.000,45.170,44.820
-0.790,15.735,15.830,-0.125,13218242.000,15.890,15.670
-2.380,6.550,6.680,-0.160,717491.000,6.680,6.450
-0.790,13.165,13.240,-0.105,1318529.000,13.240,12.950
-0.140,62.110,62.190,-0.090,1890887.000,62.340,61.490
-0.020,107.890,106.730,-0.020,1480131.000,108.100,106.730
0.860,81.160,80.500,0.690,858259.000,81.450,80.370
1.480,110.030,108.110,1.600,6734334.000,110.120,108.080
1.970,13.960,13.640,0.270,19257.000,13.970,13.520
1.350,33.150,32.740,0.440,287368.000,33.160,32.350
0.350,5.760,5.750,0.020,52524.000,5.770,5.440
0.320,47.270,47.140,0.150,276204.000,47.490,47.010
-0.510,65.700,65.920,-0.340,1168920.000,66.460,65.620
0.970,25.990,25.740,0.250,3923766.000,26.000,25.700
1.090,18.560,18.280,0.200,173634.000,18.580,18.222
-0.340,59.100,59.240,-0.200,2382318.000,59.490,58.930
-1.380,52.340,52.910,-0.730,879715.000,53.190,52.130
0.610,54.000,53.690,0.330,2053412.000,54.280,53.570
0.560,10.820,10.700,0.060,265439.000,10.820,10.660
1.050,17.330,17.060,0.180,50065.000,17.340,16.970
0.360,60.530,60.350,0.220,2064054.000,60.960,60.170
-0.040,52.340,51.660,-0.020,3337804.000,52.550,51.138
-3.140,16.680,17.160,-0.540,1520359.000,17.300,16.520
0.550,54.680,54.340,0.300,2902736.000,54.880,54.060
1.460,25.650,25.290,0.370,148689.000,25.900,25.250
4.730,5.540,5.280,0.250,40625.000,5.560,5.280
-5.060,115.290,119.710,-6.140,3465042.000,120.150,114.840
0.590,83.200,82.360,0.490,18687.000,84.280,82.170
0.480,69.550,69.290,0.330,784260.000,69.860,68.950
0.900,24.620,24.420,0.220,253058.000,24.670,24.260
1.310,44.220,43.700,0.570,585626.000,44.290,43.080
-0.360,86.460,86.490,-0.310,1041577.000,87.180,85.810
-0.740,24.240,24.400,-0.180,129101.000,24.500,24.150
1.600,39.930,39.800,0.630,588485.000,40.250,39.460
-0.540,33.160,33.400,-0.180,588950.000,33.400,32.750
0.140,56.270,56.010,0.080,2893096.000,56.780,55.820
0.530,195.550,194.190,1.040,569881.000,195.780,193.090
0.360,57.860,57.510,0.210,1536474.000,58.060,57.510
1.110,92.510,91.790,1.020,1690264.000,93.390,91.580
2.570,9.570,9.260,0.240,75973.000,9.830,9.260
0.260,121.760,121.490,0.320,71578.000,121.990,120.970
1.220,61.580,60.780,0.740,315120.000,61.880,60.420
0.530,47.060,46.830,0.250,769753.000,47.160,46.180
0.420,19.090,18.990,0.080,927395.000,19.160,18.940
1.080,14.980,14.810,0.160,131120.000,14.990,14.670
1.220,189.680,187.740,2.280,5846.000,190.670,187.740
-1.590,14.810,14.930,-0.240,2236888.000,14.950,14.690
-0.480,56.210,56.690,-0.270,829751.000,56.980,55.080
-0.630,43.820,43.780,-0.280,9575424.000,44.090,43.440
1.400,55.210,54.450,0.760,8078385.000,55.830,54.330
-1.440,17.070,17.330,-0.250,1445352.000,17.340,16.900
1.370,19.250,18.940,0.260,77798.000,19.300,18.850
0.060,16.850,16.830,0.010,54397.000,17.210,16.720
-0.440,22.630,22.740,-0.100,3732056.000,22.940,22.500
-2.490,3.130,3.190,-0.080,462921.000,3.290,3.100
0.000,7.350,7.300,0.000,621619.000,7.410,7.170
-0.800,17.410,17.550,-0.140,2684092.000,17.590,17.150
1.480,72.470,71.500,1.060,2252839.000,72.740,71.090
-0.310,53.960,54.140,-0.170,1288245.000,54.250,53.840
1.340,96.780,95.580,1.280,2365854.000,97.070,95.560
2.650,24.060,23.540,0.620,970116.000,24.300,23.400
0.000,13.630,13.600,0.000,1051260.000,13.800,13.390
2.350,37.080,36.150,0.850,69839.000,37.170,35.960
0.000,10.100,10.070,0.000,1114846.000,10.200,9.950
-1.750,1.680,1.740,-0.030,1438332.000,1.740,1.610
-0.420,131.530,132.000,-0.560,1285045.000,133.200,130.680
0.040,50.360,50.370,0.020,2398179.000,50.420,50.300
2.620,9.020,8.770,0.230,29899.000,9.110,8.770
0.210,297.750,295.290,0.610,333242.000,298.800,294.760
1.540,12.520,12.350,0.190,58849.000,12.740,12.310
0.760,34.390,34.040,0.260,73949.000,34.470,32.200
0.410,63.770,63.250,0.260,294854.000,63.770,63.121
1.820,97.660,95.760,1.750,263339.000,98.000,95.390
1.470,11.050,10.890,0.160,2824164.000,11.145,10.790
-1.070,4.620,4.680,-0.050,157799.000,4.750,4.610
0.560,28.810,28.630,0.160,367633.000,28.890,28.580
1.480,56.310,55.610,0.820,37371.000,56.620,55.480
-0.480,53.490,53.650,-0.260,1328415.000,53.960,53.180
0.910,63.430,62.560,0.570,81906.000,63.690,62.410
0.380,61.000,60.550,0.230,1583889.000,61.050,59.920
-0.210,32.850,32.810,-0.070,8892160.000,33.185,32.640
2.620,6.260,6.050,0.160,112361.000,6.260,6.050
-0.810,23.220,23.380,-0.190,755825.000,23.530,23.160
0.480,16.900,16.820,0.080,329882.000,16.900,16.700
-0.510,23.280,23.330,-0.120,2958200.000,23.390,23.110
-1.530,30.900,31.420,-0.480,96131.000,31.440,30.640
0.750,8.020,7.930,0.060,80675.000,8.070,7.860
0.390,44.170,43.890,0.170,170875.000,44.230,43.650
-2.140,39.740,40.350,-0.870,2376395.000,40.350,39.490
0.850,22.560,22.430,0.190,747760.000,22.620,22.340
0.740,16.320,16.240,0.120,6944836.000,16.510,16.220
1.490,74.210,73.170,1.090,344896.000,74.570,73.051
-0.920,17.170,17.250,-0.160,34580.000,17.250,16.950
2.390,50.580,49.480,1.180,111138.000,51.000,49.010
1.780,25.190,24.590,0.440,113222.000,25.240,24.270
-0.530,47.100,47.190,-0.250,103650.000,47.190,46.400
-0.310,38.450,38.530,-0.120,1206848.000,38.710,38.190
0.250,3.990,3.960,0.010,141082.000,4.010,3.920
-0.040,81.570,81.400,-0.030,14933738.000,81.660,80.850
-0.300,23.000,23.010,-0.070,241162.000,23.140,22.900
1.240,25.230,24.900,0.310,792669.000,25.270,24.850
-0.460,41.060,41.010,-0.190,59018.000,41.320,40.750
4.660,37.700,36.060,1.680,102910.000,38.150,36.060
0.050,18.820,18.710,0.010,230324.000,19.040,18.630
-1.710,14.410,14.650,-0.250,2699595.000,14.700,14.280
-0.170,51.920,52.050,-0.090,4838693.000,52.230,51.690
2.190,4.660,4.570,0.100,122196.000,4.750,4.510
2.030,3.510,3.440,0.070,289924.000,3.540,3.440
0.430,57.950,57.610,0.250,562177.000,58.060,57.250
-1.090,26.230,26.410,-0.290,197388.000,26.500,25.950
-2.500,20.630,20.690,-0.530,561767.000,20.830,20.340
0.800,31.430,31.070,0.250,3437361.000,31.840,31.050
0.850,25.010,24.670,0.210,308290.000,25.050,24.670
0.820,106.590,105.780,0.870,2415766.000,107.610,105.570
1.420,57.290,56.290,0.800,41395.000,57.360,56.020
-1.300,6.810,6.900,-0.090,177917.000,6.900,6.720
1.290,39.370,38.920,0.500,2031799.000,39.430,38.690
0.700,78.810,78.230,0.545,78953.000,78.980,77.840
1.150,26.330,25.970,0.300,48134838.000,26.370,25.960
0.420,38.060,37.770,0.160,1463523.000,38.090,37.590
-0.670,57.790,58.080,-0.390,324049.000,58.140,57.170
0.390,41.400,41.300,0.160,660378.000,41.410,40.740
0.750,87.450,86.890,0.650,155713.000,87.810,86.600
-4.010,21.760,22.530,-0.910,17958.000,22.680,21.460
1.150,97.250,96.120,1.110,3517293.000,97.500,96.100
-1.690,7.580,7.700,-0.130,4659580.000,7.700,7.560
7.840,1.100,1.050,0.080,492534.000,1.150,0.990
0.980,74.500,73.750,0.720,4801565.000,74.980,73.730
-3.280,1.770,1.830,-0.060,483055.000,1.830,1.750
-1.330,9.650,9.740,-0.130,154193.000,9.740,9.580
-1.440,6.840,6.920,-0.100,243985.000,6.940,6.720
-0.800,31.010,31.150,-0.250,477564.000,31.420,30.860
0.190,98.100,97.810,0.190,401052.000,98.430,96.840
1.220,19.980,19.750,0.240,202206.000,19.980,19.680
-0.080,23.850,23.860,-0.020,1821991.000,23.910,23.680
-0.500,13.930,13.970,-0.070,140578.000,14.000,13.770
-2.470,40.200,41.000,-1.020,83682.000,41.630,40.170
-2.300,9.770,10.040,-0.230,105940.000,10.100,9.705
0.460,13.180,13.180,0.060,232.000,13.180,13.180
-0.490,14.210,14.270,-0.070,48385.000,14.500,14.005
-1.320,42.010,42.150,-0.560,28165770.000,42.220,41.370
0.650,104.620,103.490,0.680,419203.000,104.980,102.280
-0.240,8.460,8.450,-0.020,41046.000,8.510,8.210
0.800,32.940,32.620,0.260,372610.000,33.060,32.520
-0.140,7.060,7.030,-0.010,277880.000,7.170,6.980
0.640,44.160,43.890,0.280,675572.000,44.170,43.040
0.750,46.730,46.230,0.350,2333764.000,46.950,46.160
-3.200,1.210,1.250,-0.040,1378435.000,1.260,1.180
1.880,48.660,47.500,0.900,169407.000,49.240,47.300
0.360,52.460,52.290,0.190,1108462.000,52.850,52.040
-0.050,41.410,41.430,-0.020,80545.000,41.890,41.320
0.000,1.220,1.230,0.000,141219.000,1.250,1.200
0.240,8.360,8.300,0.020,185148.000,9.060,8.230
1.060,38.210,37.850,0.400,213677.000,38.396,37.850
3.370,11.650,11.270,0.380,25475.000,11.650,11.050
0.840,15.640,15.520,0.130,1361971.000,15.680,15.510
-3.640,17.470,17.700,-0.660,44290889.000,17.750,17.090
-2.290,7.680,7.820,-0.180,2209819.000,7.840,7.600
1.470,15.870,15.650,0.230,292052.000,16.000,15.620
-0.920,312.900,313.050,-2.910,1098581.000,317.500,312.020
1.400,5.810,5.740,0.080,853217.000,5.820,5.680
-0.620,51.650,51.970,-0.320,2544032.000,52.130,51.375
-2.790,8.700,8.910,-0.250,122557.000,8.910,8.570
1.240,2.450,2.430,0.030,238485.000,2.450,2.390
0.280,28.970,28.890,0.080,781400.000,29.090,28.620
0.060,77.880,78.380,0.050,1781486.000,79.400,77.560
0.980,17.500,17.310,0.170,81514.000,17.660,16.870
0.250,31.750,31.740,0.080,248039.000,31.810,31.360
1.630,66.150,65.020,1.060,480803.000,66.490,64.700
5.660,23.690,23.590,1.270,10654.000,24.160,23.000
0.030,31.210,31.350,0.010,16732100.000,31.390,31.110
0.410,26.870,26.750,0.110,461939.000,26.900,26.430
0.120,24.350,24.330,0.030,4096147.000,24.550,24.220
0.830,58.340,57.810,0.480,1571554.000,58.690,57.520
2.820,0.730,0.740,0.020,546010.000,0.759,0.722
-1.000,39.570,39.950,-0.400,11286327.000,39.950,39.270
0.500,16.160,16.100,0.080,1914666.000,16.160,15.890
1.300,177.710,175.190,2.280,5812433.000,177.770,175.090
1.520,14.730,14.530,0.220,14461.000,14.760,14.320
-0.670,38.490,38.800,-0.260,155521.000,38.810,38.270
1.170,9.490,9.370,0.110,1209898.000,9.500,9.280
0.400,47.170,46.870,0.190,134139.000,47.370,46.450
0.600,39.930,39.590,0.240,98962.000,40.050,39.590
0.970,82.990,82.590,0.800,1124027.000,83.280,82.280
1.660,18.930,18.680,0.310,264304.000,18.980,18.590
-0.440,34.160,34.310,-0.150,104071.000,34.310,34.050
0.720,66.700,66.210,0.480,118981.000,66.920,65.990
0.750,43.000,42.600,0.320,583233.000,43.130,42.560
0.340,68.530,68.310,0.230,5589605.000,68.750,68.290
0.540,43.180,42.730,0.230,19069.000,43.800,42.320
-1.000,16.870,16.980,-0.170,879199.000,17.170,16.800
0.980,52.660,51.980,0.510,10465057.000,52.720,51.540
0.600,20.220,19.960,0.120,58341.000,20.290,19.950
1.060,3.830,3.780,0.040,167686.000,3.870,3.750
-1.120,10.580,10.660,-0.120,110359.000,10.790,10.480
0.630,20.610,20.400,0.130,397387.000,20.690,20.340
-1.130,25.300,25.590,-0.290,9657473.000,25.590,25.065
-0.190,15.870,15.810,-0.030,209604.000,15.960,15.560
0.200,70.200,69.930,0.140,779281.000,70.570,69.500
0.590,18.780,18.590,0.110,54023.000,18.790,18.480
0.340,23.310,23.180,0.080,360686.000,23.440,23.040
2.080,41.730,40.800,0.850,1668576.000,42.090,40.800
0.400,45.360,45.180,0.180,344760.000,45.420,44.870
1.880,20.080,19.650,0.370,91052.000,20.170,19.620
0.360,81.430,81.000,0.290,1536682.000,81.970,80.640
-0.260,27.130,27.100,-0.070,314225.000,27.300,27.020
-1.510,17.660,17.870,-0.270,215593.000,17.940,17.580
-1.790,1.100,1.140,-0.020,2339862.000,1.140,1.060
-2.210,45.060,45.880,-1.020,4121203.000,46.080,44.750
0.250,48.900,48.650,0.120,1653352.000,48.970,48.560
-0.120,24.750,24.830,-0.030,4892705.000,24.900,24.620
2.610,4.330,4.220,0.110,1235454.000,4.400,4.200
2.670,17.720,17.280,0.460,197078.000,17.750,17.260
0.240,41.690,41.450,0.100,80201.000,41.930,41.401
3.870,22.810,21.910,0.850,1158825.000,22.940,21.870
1.660,82.640,81.370,1.350,2121196.000,82.940,81.370
-1.980,37.680,38.310,-0.760,161566.000,38.420,37.630
0.290,10.420,10.390,0.030,14753.000,10.450,10.151
0.980,24.770,24.550,0.240,36827.000,24.850,24.290
1.600,1.900,1.890,0.030,413387.000,1.900,1.850
-4.150,27.720,28.640,-1.200,17773212.000,28.780,27.630
-0.540,9.200,9.250,-0.050,222791.000,9.450,9.150
4.460,2.810,2.670,0.120,15865373.000,2.850,2.660
1.010,18.990,18.730,0.190,70536.000,19.170,18.660
0.560,1.800,1.790,0.010,31273.000,1.810,1.770
4.300,6.310,6.040,0.260,82172.000,6.430,6.040
1.620,12.550,12.390,0.200,244137.000,12.670,12.360
-0.290,84.590,84.770,-0.250,4069250.000,85.140,83.750
0.850,92.500,91.720,0.780,544820.000,92.570,91.340
1.550,26.130,25.680,0.400,1451452.000,26.180,25.000
0.000,8.360,8.350,0.000,1441200.000,8.400,8.250
0.230,90.960,90.540,0.210,702603.000,91.294,89.430
0.980,18.570,18.400,0.180,220711.000,18.620,18.093
0.880,38.760,38.430,0.340,605704.000,38.790,37.990
2.280,13.020,12.740,0.290,65718.000,13.230,12.710
2.470,73.750,72.170,1.780,32925.000,73.910,71.800
-0.490,46.520,46.800,-0.230,209718.000,46.980,46.140
2.360,23.460,22.840,0.540,213855.000,23.510,22.770
0.110,66.380,66.120,0.070,306534.000,66.550,65.560
-0.950,40.820,41.180,-0.390,3225970.000,41.180,40.550
1.680,44.180,43.500,0.730,193449.000,44.490,43.200
-1.030,21.090,21.280,-0.220,832329.000,21.320,20.860
0.690,17.400,17.280,0.120,4593265.000,17.430,17.090
1.060,23.730,23.490,0.250,261322.000,23.730,23.350
2.740,25.840,25.040,0.690,7969.000,25.840,25.040
0.500,10.060,9.970,0.050,160714.000,10.090,9.920
-0.510,34.970,35.050,-0.180,340021.000,35.200,34.900
0.640,31.210,30.860,0.200,97947.000,31.580,30.710
0.330,21.070,20.950,0.070,822096.000,21.165,20.821
-0.580,15.390,15.360,-0.090,87768.000,15.500,15.220
-0.470,17.050,17.100,-0.080,81082.000,17.200,16.920
-1.680,27.530,27.850,-0.470,23562.000,28.000,27.010
0.580,55.200,54.710,0.320,70897.000,55.330,54.710
-1.490,39.020,39.730,-0.590,4326298.000,39.730,39.010
-0.220,40.910,41.020,-0.090,3731468.000,41.320,40.810
0.160,43.120,42.950,0.070,829998.000,43.350,42.370
0.140,48.990,48.750,0.070,2835320.000,49.110,48.620
-1.150,40.560,40.590,-0.470,23624076.000,40.650,40.180
0.080,35.410,35.380,0.030,408901.000,35.760,35.090
0.650,35.850,35.610,0.230,9025868.000,35.870,35.560
3.320,4.040,3.890,0.130,533597.000,4.100,3.880
1.120,1.800,1.780,0.020,513347.000,1.820,1.750
0.930,36.750,36.290,0.340,391675.000,36.900,36.002
7.100,7.540,7.000,0.500,756559.000,7.800,7.000
-1.320,15.670,15.870,-0.210,13214456.000,15.900,15.480
1.610,93.450,91.970,1.480,2204630.000,93.720,91.380
0.570,8.850,8.800,0.050,24664.000,8.890,8.720
-1.850,25.490,26.000,-0.480,17231480.000,26.050,25.430
-0.630,3.140,3.160,-0.020,127950.000,3.240,3.140
-0.450,17.510,17.640,-0.080,1492652.000,17.700,17.380
1.000,26.270,25.970,0.260,774283.000,26.430,25.950
0.500,98.640,98.240,0.490,40678.000,99.000,96.490
-4.400,6.730,7.070,-0.310,1414935.000,7.070,6.635
0.000,21.490,21.490,0.000,246817.000,21.660,20.800
0.690,20.550,20.360,0.140,1738049.000,20.580,20.260
3.920,4.240,4.070,0.160,402085.000,4.270,4.070
0.600,5.060,5.000,0.030,71804.000,5.060,5.000
-2.830,7.560,7.730,-0.220,24520745.000,7.740,7.480
-1.040,16.220,16.310,-0.170,17488603.000,16.390,16.150
-0.070,14.960,14.900,-0.010,37563.000,15.009,14.760
-0.090,88.160,87.930,-0.080,1029561.000,88.230,87.050
0.920,36.250,35.910,0.330,202527.000,36.250,35.650
0.030,39.400,39.250,0.010,8714.000,39.420,39.160
-0.170,29.880,29.930,-0.050,3166796.000,30.000,29.550
1.080,10.290,10.170,0.110,31108.000,10.300,10.020
-0.280,400.940,398.870,-1.110,8386.000,405.870,395.060
0.790,14.080,13.940,0.110,1025587.000,14.150,13.890
0.100,69.470,69.190,0.070,580901.000,69.580,68.360
0.370,8.140,8.120,0.030,7946327.000,8.170,8.080
-0.630,18.990,19.160,-0.120,108605.000,19.240,17.390
-2.370,19.740,20.130,-0.480,1071109.000,20.130,19.490
0.800,62.810,62.300,0.500,222735.000,62.930,62.205
0.480,33.630,33.410,0.160,547721.000,34.130,32.870
0.160,6.420,6.370,0.010,237896.000,6.420,6.250
-1.010,43.010,43.250,-0.440,5423817.000,43.500,42.450
0.110,53.790,53.700,0.060,2514662.000,54.190,53.560
-1.290,69.030,69.590,-0.900,1349384.000,69.630,68.700
0.380,103.290,102.340,0.390,144852.000,104.089,102.150
0.260,31.000,30.930,0.080,57202.000,31.120,30.040
0.930,10.870,10.730,0.100,450250.000,10.950,10.710
0.940,47.470,47.100,0.440,2448737.000,47.630,46.678
0.490,28.840,28.590,0.140,1102685.000,28.890,28.560
0.330,101.290,101.380,0.330,139070.000,101.560,100.610
0.860,32.920,32.640,0.280,9752552.000,33.100,32.350
0.470,214.190,212.120,1.000,2581647.000,214.400,211.010
0.520,52.270,51.980,0.270,1413739.000,52.540,51.825
0.060,32.890,32.770,0.020,1389563.000,33.120,32.600
-0.460,21.810,21.870,-0.100,11166.000,21.870,21.300
-2.450,10.730,10.830,-0.270,137223813.000,10.850,10.660
0.610,43.080,42.710,0.260,72728.000,43.330,42.710
-0.260,38.600,38.600,-0.100,95811.000,38.765,38.260
2.910,10.960,10.630,0.310,39272.000,11.070,10.630
0.460,290.960,286.650,1.330,4604404.000,291.780,284.500
-0.190,53.520,53.000,-0.100,13636577.000,53.810,52.760
2.850,35.690,34.770,0.990,105659.000,35.690,34.380
1.010,65.830,65.490,0.660,1081638.000,66.150,64.590
-3.510,7.420,7.700,-0.270,1013049.000,7.719,7.410
-0.140,28.060,28.030,-0.040,178451.000,28.170,27.740
-0.390,20.400,20.420,-0.080,4270254.000,20.520,20.230
0.260,35.130,34.990,0.090,44273.000,35.190,34.960
0.990,19.360,19.130,0.190,1097713.000,19.370,19.070
1.220,11.620,11.490,0.140,577045.000,11.690,11.390
0.790,8.900,8.860,0.070,3491840.000,9.010,8.730
-1.870,16.820,16.820,-0.320,1537215.000,17.090,16.510
-0.320,6.230,6.220,-0.020,618542.000,6.270,6.100
1.070,35.000,34.660,0.370,2900765.000,35.030,34.370
1.190,68.260,67.500,0.800,1385569.000,68.260,66.810
-0.840,15.410,15.480,-0.130,703395.000,15.690,15.290
-0.090,33.220,33.280,-0.030,590244.000,33.400,33.010
1.360,8.950,8.800,0.120,473068.000,8.960,8.800
-1.870,12.600,12.800,-0.240,645657.000,12.870,12.540
-0.400,4.930,4.950,-0.020,1970745.000,4.980,4.700
-3.530,40.410,41.950,-1.480,1091519.000,41.950,40.360
-0.060,33.130,33.060,-0.020,1313946.000,33.140,32.710
0.250,16.200,16.110,0.040,49974.000,16.200,16.110
1.030,18.680,18.490,0.190,126780.000,18.680,18.310
1.150,41.370,41.030,0.470,687620.000,41.470,40.840
0.430,64.930,64.630,0.280,1461767.000,65.060,64.000
1.440,16.880,16.610,0.240,174545.000,16.880,16.580
-0.970,26.580,26.440,-0.260,9965748.000,26.690,26.370
0.650,10.870,10.820,0.070,470619.000,11.000,10.750
2.190,1.400,1.370,0.030,874656.000,1.410,1.290
0.010,72.180,72.000,0.010,283106.000,72.480,71.500
-0.170,17.440,17.460,-0.030,3491416.000,17.470,17.230
-1.410,49.670,50.250,-0.710,362764.000,50.470,49.340
-0.250,12.150,12.130,-0.030,178909.000,12.200,12.000
1.880,141.540,138.670,2.610,228843.000,141.810,138.070
0.180,90.530,90.240,0.160,76020.000,90.530,89.660
-0.360,74.630,75.030,-0.270,1590969.000,75.330,74.490
0.410,46.030,45.740,0.190,2904282.000,46.225,45.580
1.410,24.490,24.160,0.340,1540870.000,24.620,24.110
-0.150,20.580,20.600,-0.030,210299.000,20.630,20.051
0.960,45.340,44.900,0.430,1517668.000,45.630,44.560
-0.920,18.230,18.280,-0.170,1559818.000,18.390,18.060
-0.380,13.040,13.050,-0.050,13632262.000,13.080,12.830
0.280,25.460,25.370,0.070,3758967.000,25.790,25.060
0.840,22.890,22.600,0.190,23013.000,22.950,22.480
1.360,27.510,27.150,0.370,827982.000,27.510,27.030
-1.170,11.020,11.090,-0.130,954448.000,11.119,10.990
0.830,16.960,16.740,0.140,786801.000,17.010,16.740
0.990,38.760,38.480,0.380,114725.000,38.820,38.300
0.970,38.490,38.160,0.370,184407.000,38.600,37.960
-2.250,36.450,37.070,-0.840,985899.000,37.070,36.200
0.960,17.940,17.670,0.170,351794.000,18.000,17.630
0.410,31.650,31.520,0.130,2717349.000,31.790,31.450
0.000,4.750,4.730,0.000,116295.000,4.750,4.700
1.440,21.130,20.800,0.300,312892.000,21.150,20.720
0.200,30.310,30.100,0.060,104638.000,30.570,29.710
1.170,28.430,28.010,0.330,19959.000,28.610,27.970
0.100,28.800,28.850,0.030,525300.000,29.150,28.730
2.050,72.050,70.370,1.450,757578.000,72.580,70.000
5.020,2.300,2.150,0.110,1326865.000,2.320,2.110
0.820,18.510,18.280,0.150,343548.000,18.520,18.280
1.230,31.340,30.990,0.380,1961922.000,31.350,30.930
0.290,34.000,33.780,0.100,127932.000,34.200,33.780
0.050,83.970,83.500,0.040,130260.000,84.120,83.230
1.080,19.680,19.490,0.210,329025.000,19.730,19.370
-0.650,36.640,36.770,-0.240,4949739.000,36.860,36.531
-0.630,15.870,15.900,-0.100,3026256.000,16.000,15.740
1.160,38.250,37.880,0.440,161302.000,38.250,37.650
2.100,68.000,65.155,1.400,14826.000,70.000,64.360
1.250,21.020,20.710,0.260,1292308.000,21.210,20.710
1.400,18.110,17.880,0.250,152017.000,18.140,17.860
0.330,66.950,66.510,0.220,642456.000,67.030,65.700
0.570,54.350,54.090,0.310,41165.000,54.800,54.070
0.930,74.840,74.110,0.690,690738.000,75.210,73.970
0.930,27.230,27.000,0.250,1313800.000,27.240,26.820
1.500,45.990,45.130,0.680,73503.000,46.000,45.130
1.800,108.620,106.300,1.920,226744.000,109.480,105.447
0.190,5.240,5.220,0.010,168350.000,5.240,5.150
4.950,11.870,11.300,0.560,61686.000,12.060,11.160
-0.480,6.160,6.150,-0.030,386903.000,6.245,6.020
0.630,22.380,22.160,0.140,48726.000,22.490,21.900
-3.570,6.490,6.730,-0.240,43586.000,6.750,6.440
0.000,19.240,19.250,0.000,3591118.000,19.460,19.080
4.550,0.690,0.700,0.030,1687591.000,0.730,0.682
1.410,153.290,150.990,2.130,1786413.000,154.150,150.201
-0.390,66.460,66.670,-0.260,1049448.000,66.720,66.020
-0.700,11.300,11.420,-0.080,1229299.000,11.480,11.080
1.250,12.130,11.890,0.150,340185.000,12.150,11.810
0.400,12.650,12.550,0.050,61301.000,12.730,12.390
-0.420,68.230,68.650,-0.290,263118.000,69.200,66.400
-0.130,44.780,44.610,-0.060,884124.000,44.900,44.200
0.290,96.470,96.060,0.280,90047.000,96.500,95.780
0.820,23.330,23.100,0.190,44077.000,23.350,22.700
-0.890,21.130,21.190,-0.190,1349892.000,21.300,20.900
-0.670,7.400,7.440,-0.050,283241.000,7.450,7.360
0.240,20.700,20.660,0.050,489868.000,20.830,20.500
1.140,75.380,74.460,0.850,481818.000,75.390,74.120
2.760,17.100,16.580,0.460,370989.000,17.340,16.470
-1.460,35.690,36.040,-0.530,300527.000,36.230,35.620
-1.290,40.420,40.830,-0.530,6186064.000,40.900,40.360
-0.900,105.790,106.910,-0.960,2506520.000,106.990,105.330
-1.780,19.870,20.190,-0.360,3169702.000,20.200,19.720
2.360,1.300,1.270,0.030,17821771.000,1.350,1.220
1.150,6.140,6.030,0.070,27325.000,6.140,5.960
0.750,84.100,83.420,0.630,483339.000,84.260,83.000
0.110,35.530,35.500,0.040,10671660.000,35.620,35.370
-0.020,145.840,144.490,-0.030,6971360.000,146.680,143.000
-1.140,29.420,29.640,-0.340,4190605.000,29.740,29.330
1.120,64.750,63.940,0.720,868436.000,64.990,63.800
1.180,31.670,31.290,0.370,291708.000,31.750,31.000
0.870,0.232,0.230,0.002,250813.000,0.232,0.209
1.140,57.520,56.870,0.650,132579.000,57.520,56.720
0.990,20.310,20.000,0.200,21791.000,20.480,19.950
0.890,79.510,78.600,0.700,161869.000,79.520,78.210
0.280,7.220,7.160,0.020,4263169.000,7.240,7.140
1.800,36.790,36.020,0.650,266586.000,37.030,36.020
-0.090,76.080,76.270,-0.070,55298.000,76.760,75.410
-0.610,13.070,13.110,-0.080,159012.000,13.310,13.020
1.430,82.220,81.090,1.160,1676296.000,82.710,80.400
0.980,33.120,32.790,0.320,212935.000,33.170,32.670
-2.710,25.150,25.810,-0.700,2372271.000,25.810,25.000
-3.780,9.430,9.790,-0.370,169926.000,9.870,9.310
1.780,37.810,36.710,0.660,934992.000,38.209,36.660
0.000,20.780,20.780,0.000,27944069.000,20.950,20.740
0.530,41.520,41.260,0.220,100571.000,41.570,41.000
0.100,44.190,44.150,0.045,3493012.000,44.230,44.140
1.000,38.500,38.050,0.380,1025450.000,38.580,37.790
-0.560,7.080,7.120,-0.040,273339.000,7.180,7.000
-1.250,12.590,12.680,-0.160,8387698.000,12.700,12.430
0.470,14.980,14.860,0.070,1004023.000,15.140,14.800
-0.620,11.180,11.260,-0.070,434244.000,11.320,11.130
0.050,21.570,21.500,0.010,157720.000,21.760,21.310
-0.160,81.070,81.110,-0.130,1264383.000,81.640,80.570
0.530,26.770,26.610,0.140,223905.000,26.840,26.600
-0.410,16.910,16.970,-0.070,15380893.000,16.980,16.590
0.240,25.210,25.130,0.060,154363.000,25.220,25.010
1.360,79.520,78.480,1.070,252683.000,79.550,78.310
0.450,44.890,44.750,0.200,2309199.000,45.130,44.520
3.080,17.070,16.560,0.510,179412.000,17.070,16.510
-0.690,2.880,2.910,-0.020,298990.000,2.920,2.870
0.570,5.290,5.280,0.030,310469.000,5.350,5.200
0.750,38.850,38.540,0.290,2128575.000,39.020,38.400
1.540,25.050,24.700,0.380,88482.000,25.210,24.590
-1.190,24.150,24.310,-0.290,58343.000,24.610,23.950
-0.060,63.780,63.940,-0.040,1153275.000,64.500,63.390
-0.930,32.050,32.270,-0.300,661668.000,32.460,31.890
2.460,25.400,24.820,0.610,32469.000,25.550,24.820
0.480,27.190,27.140,0.130,658529.000,27.240,26.960
-0.460,10.870,10.930,-0.050,141693.000,10.930,10.830
0.110,9.160,9.150,0.010,1175188.000,9.170,9.150
0.000,16.950,16.870,0.000,3058259.000,16.980,16.700
-0.460,25.750,25.760,-0.120,6929511.000,25.800,25.220
0.090,34.190,34.200,0.030,4309359.000,34.430,33.960
11.630,5.950,5.290,0.620,23059.000,6.155,5.290
-0.830,53.490,53.740,-0.450,4138863.000,54.250,53.110
0.330,47.750,47.440,0.155,193059.000,47.980,47.170
0.630,28.740,28.590,0.180,29209.000,28.840,28.490
-1.260,48.780,49.040,-0.620,315955.000,49.530,48.590
-0.380,57.700,57.990,-0.220,5054064.000,58.140,57.530
-2.610,20.120,20.680,-0.540,2525241.000,20.710,19.760
0.840,1.200,1.190,0.010,198298.000,1.230,1.170
2.850,24.920,24.200,0.690,10636.000,24.920,24.200
5.630,30.750,29.120,1.640,8236889.000,31.440,29.010
0.690,33.760,33.410,0.230,102378.000,33.810,33.120
-0.840,10.600,10.690,-0.090,306931.000,10.690,10.530
-1.210,130.210,129.030,-1.600,444410.000,132.120,129.030
-0.260,15.430,15.500,-0.040,199107.000,15.510,15.370
0.370,88.370,88.020,0.330,506087.000,89.230,87.670
-0.740,36.200,36.460,-0.270,16314197.000,36.590,36.100
1.270,46.090,45.700,0.580,1194020.000,46.100,45.350
-1.180,5.860,5.930,-0.070,546210.000,6.010,5.840
-0.130,380.870,381.020,-0.500,242142.000,384.490,379.910
0.440,76.000,75.600,0.330,1853008.000,76.110,75.540
-0.060,16.820,16.800,-0.010,182515.000,16.980,16.610
-0.230,30.770,30.810,-0.070,624227.000,30.910,30.480
-0.760,52.100,52.360,-0.400,816670.000,52.550,51.600
6.370,4.510,4.190,0.270,170112.000,4.550,4.190
2.180,81.730,79.920,1.740,358844.000,81.780,79.920
0.290,45.440,45.320,0.130,465564.000,45.450,44.690
0.000,4.490,4.480,0.000,184251.000,4.530,4.430
0.580,8.630,8.590,0.050,91763.000,8.700,8.380
1.550,21.020,20.640,0.320,112522.000,21.030,20.520
-0.400,34.800,34.920,-0.140,484015.000,35.180,34.420
-0.300,36.520,36.510,-0.110,3229500.000,36.720,36.200
2.110,34.420,33.700,0.710,270853.000,34.530,33.650
-0.100,51.480,51.440,-0.050,1750422.000,51.500,51.000
0.100,98.030,97.770,0.100,868529.000,98.140,97.430
-1.000,66.490,67.080,-0.670,1745373.000,67.290,65.770
-0.680,2.930,2.950,-0.020,156281.000,2.960,2.911
-1.190,42.340,42.630,-0.510,2803110.000,42.850,42.100
1.020,33.800,33.330,0.340,23679.000,33.880,33.270
0.560,27.080,26.980,0.150,263092.000,27.300,26.670
0.860,52.780,52.210,0.450,5618297.000,52.860,51.820
-2.240,24.840,25.370,-0.570,8445476.000,25.380,24.210
-3.870,50.170,51.890,-2.020,2503677.000,52.000,49.820
0.520,9.670,9.610,0.050,136427.000,9.760,9.550
0.980,40.210,39.700,0.390,26341.000,40.260,39.470
1.480,15.720,15.530,0.230,18204606.000,15.809,15.520
0.050,58.020,57.930,0.030,867914.000,58.220,57.520
0.570,12.410,12.280,0.070,216021.000,12.420,12.210
0.530,96.800,96.270,0.510,1476915.000,96.950,96.140
-0.460,15.170,15.180,-0.070,89808.000,15.350,14.290
1.010,4.990,4.960,0.050,190334.000,4.990,4.930
-0.800,56.150,56.240,-0.450,2853545.000,56.650,56.020
-0.250,20.150,20.210,-0.050,1001632.000,20.320,20.040
0.940,45.950,45.360,0.430,433991.000,46.290,45.050
0.140,536.130,534.840,0.760,628637.000,538.960,530.040
0.510,88.500,88.080,0.450,459454.000,88.700,87.620
1.040,46.750,46.010,0.480,99831.000,47.310,46.010
0.260,38.560,38.380,0.100,56820.000,38.810,38.020
-1.010,14.720,14.810,-0.150,2343920.000,14.840,14.520
-0.010,80.020,80.030,-0.010,1294105.000,80.220,80.020
-0.310,47.810,47.940,-0.150,768663.000,48.100,47.620
2.450,5.440,5.270,0.130,199721.000,5.460,5.260
0.670,41.950,41.530,0.280,104817.000,42.080,41.530
0.960,58.700,57.880,0.560,11118361.000,58.750,57.880
1.810,58.510,57.250,1.040,2745931.000,58.510,56.930
