2.570,11.960,11.740,0.300,151891.000,12.000,11.730
2.070,22.200,21.900,0.450,201946.000,22.690,21.900
0.080,13.100,13.200,0.010,343983.000,13.250,13.020
2.640,69.260,68.390,1.780,283249.000,69.500,67.840
1.120,6.330,6.330,0.070,584662.000,6.430,6.280
1.220,34.120,34.110,0.410,1304171.000,34.440,34.050
1.550,54.910,54.640,0.840,415143.000,55.430,54.640
0.930,25.950,25.800,0.240,2706322.000,26.230,25.800
0.220,36.550,36.320,0.080,3024783.000,36.800,36.210
4.210,19.550,18.990,0.790,3940646.000,19.790,18.970
5.380,50.310,48.300,2.570,9166.000,50.350,48.300
0.500,58.050,58.150,0.290,1282539.000,58.150,57.630
1.140,38.110,38.040,0.430,2239755.000,38.200,37.880
1.660,18.350,18.160,0.300,53661.000,18.430,18.160
1.430,20.590,20.360,0.290,31262.000,20.810,20.160
0.260,19.370,19.470,0.050,136787.000,19.610,19.330
1.530,38.570,38.520,0.580,1116030.000,39.550,38.350
1.920,16.470,16.340,0.310,381748.000,16.550,16.220
0.920,3.300,3.290,0.030,1492400.000,3.390,3.260
1.000,54.640,54.580,0.540,1046972.000,55.420,54.340
0.450,11.200,11.270,0.050,94940.000,11.270,11.125
-0.630,4.770,4.860,-0.030,163201.000,4.870,4.700
1.670,75.990,75.330,1.250,4664152.000,76.200,74.850
-0.930,16.050,16.240,-0.150,59645.000,16.320,15.980
7.520,11.730,10.960,0.820,44914.000,11.869,10.960
1.490,25.210,25.070,0.370,24541.000,25.320,24.740
3.840,15.680,15.320,0.580,215581.000,16.280,15.300
2.450,38.500,37.780,0.920,62424.000,38.700,37.772
-0.330,12.040,12.220,-0.040,7286954.000,12.250,12.010
1.310,19.300,19.230,0.250,43859506.000,19.450,19.140
1.910,13.840,13.670,0.260,201157.000,13.910,13.410
-0.170,5.760,5.830,-0.010,270858.000,5.870,5.750
2.240,17.380,17.170,0.380,307193.000,17.390,16.930
5.170,55.150,53.100,2.710,1280879.000,55.190,53.025
0.080,13.010,13.110,0.010,333146.000,13.300,12.940
1.720,52.720,52.250,0.890,582423.000,52.750,52.050
0.700,33.200,33.190,0.230,229682.000,33.420,32.950
2.040,15.020,14.920,0.300,1768839.000,15.300,14.891
2.210,48.120,47.590,1.040,2915522.000,48.350,47.350
0.550,67.920,67.820,0.370,8318319.000,68.050,67.400
2.530,10.120,9.930,0.250,737807.000,10.220,9.890
-1.360,5.070,5.180,-0.070,306999.000,5.180,5.020
0.970,87.760,87.250,0.840,994320.000,89.430,86.810
0.210,85.400,85.700,0.180,345466.000,86.030,85.010
-0.030,68.470,69.000,-0.020,104591.000,69.000,68.430
1.870,18.520,18.360,0.340,1173017.000,18.550,18.320
1.010,37.860,37.530,0.380,88964.000,38.100,37.530
2.470,15.320,15.070,0.370,97226.000,15.380,14.980
4.130,32.800,31.980,1.300,9050268.000,33.110,31.760
1.320,69.140,68.650,0.900,6006174.000,69.380,68.650
0.480,54.270,54.390,0.260,2114340.000,54.490,53.990
6.020,9.160,8.750,0.520,196766.000,9.265,8.750
1.200,26.200,26.020,0.310,200201.000,26.300,25.960
1.510,8.050,8.010,0.120,1341736.000,8.100,7.950
0.360,8.360,8.350,0.030,48775.000,8.420,8.140
5.520,4.970,4.780,0.260,3022283.000,5.000,4.700
-0.220,13.430,13.520,-0.030,1294560.000,13.520,13.400
0.000,11.980,12.000,0.000,2738237.000,12.060,11.819
2.630,9.770,9.690,0.250,1733725.000,9.890,9.543
0.390,64.950,64.980,0.250,8881969.000,65.140,64.720
1.880,7.590,7.510,0.140,73868.000,7.590,7.440
0.690,23.360,23.320,0.160,2064883.000,23.470,23.320
1.920,81.550,80.910,1.540,3175557.000,81.910,80.650
0.920,9.920,9.960,0.090,849974.000,10.170,9.850
1.220,62.260,61.950,0.750,388430.000,62.350,61.690
1.180,81.980,81.850,0.960,303359.000,82.320,81.200
2.610,2.750,2.700,0.070,60750.000,2.980,2.700
0.830,1.210,1.220,0.010,392720.000,1.220,1.170
0.490,34.620,34.610,0.170,1460572.000,34.800,34.420
0.230,91.020,91.610,0.210,296433.000,91.950,90.580
0.410,12.260,12.310,0.050,909612.000,12.400,12.200
0.270,11.300,11.300,0.030,708207.000,11.390,11.200
0.990,64.290,63.940,0.630,862822.000,64.320,63.565
0.900,89.240,89.090,0.800,824657.000,90.000,89.030
-0.320,37.420,37.700,-0.120,15254488.000,37.700,37.180
-1.010,41.190,41.800,-0.420,2097063.000,42.000,41.110
0.270,30.140,30.270,0.080,3997797.000,30.420,29.977
0.600,4.990,4.980,0.030,213824.000,5.000,4.910
1.040,42.690,42.470,0.440,5351953.000,42.700,42.340
0.350,19.860,19.900,0.070,9117772.000,20.000,19.730
0.890,25.030,24.920,0.220,19436.000,25.050,24.880
3.890,45.400,44.070,1.700,2057651.000,46.000,43.450
2.710,6.450,6.340,0.170,1534926.000,6.650,6.310
0.870,51.060,51.170,0.440,134278.000,51.490,50.910
2.260,98.910,97.930,2.190,1527423.000,99.310,97.930
1.120,23.420,23.360,0.260,3277317.000,23.495,23.265
0.440,13.770,13.820,0.060,5177910.000,13.830,13.690
4.030,31.250,30.330,1.210,677720.000,31.360,30.150
1.370,39.110,38.610,0.530,31621.000,39.350,38.090
2.390,42.800,42.050,1.000,289171.000,43.000,42.000
2.830,30.210,29.690,0.830,8720512.000,30.340,29.400
1.960,27.030,26.880,0.520,4079060.000,27.050,26.680
3.840,22.980,22.270,0.850,1097065.000,23.500,22.270
1.740,35.580,35.240,0.610,356606.000,35.860,35.100
1.540,7.260,7.260,0.110,965308.000,7.600,7.250
1.870,7.070,7.050,0.130,1744999.000,7.230,6.990
0.670,12.040,11.990,0.080,7216329.000,12.100,11.900
1.770,9.800,9.740,0.170,5216791.000,9.970,9.610
0.950,17.980,17.890,0.170,144457.000,17.980,17.640
1.100,106.330,106.080,1.160,13450.000,107.030,104.400
2.830,23.610,23.110,0.650,102336.000,23.680,22.770
3.510,1.770,1.740,0.060,139250.000,1.830,1.720
3.400,6.690,6.520,0.220,5517503.000,6.690,6.480
3.490,44.740,43.640,1.510,2885523.000,45.120,43.600
0.610,55.850,55.700,0.340,42336.000,56.000,55.400
1.130,34.050,34.000,0.380,1054271.000,34.230,33.860
2.850,7.570,7.450,0.210,98283.000,7.580,7.380
0.250,44.960,45.140,0.110,403174.000,45.140,44.710
2.240,42.060,41.470,0.920,795855.000,42.500,41.000
2.480,3.300,3.260,0.080,252363.000,3.300,3.200
-0.220,17.790,17.940,-0.040,440519.000,18.160,17.670
3.030,35.400,34.910,1.040,3423864.000,35.480,34.910
2.060,15.390,15.210,0.310,10312262.000,15.610,15.130
0.300,13.170,13.240,0.040,3854748.000,13.250,13.090
0.070,59.240,59.790,0.040,160561.000,59.790,59.150
-0.110,53.680,54.110,-0.060,2150225.000,54.380,53.550
-2.060,32.840,33.890,-0.690,3255508.000,34.300,32.490
1.070,91.390,91.010,0.970,6219715.000,91.830,90.760
0.000,11.320,11.320,0.000,38283.000,11.400,11.260
1.830,41.100,40.680,0.740,748417.000,41.560,40.570
5.470,11.960,11.470,0.620,3530684.000,11.980,11.460
-0.120,8.100,8.220,-0.010,21831.000,8.250,8.050
0.830,43.860,43.730,0.360,949043.000,44.000,43.530
1.650,14.190,14.350,0.230,191111.000,14.750,14.015
2.190,15.900,15.640,0.340,69595051.000,15.990,15.610
1.170,55.540,55.350,0.640,228127.000,55.694,55.000
3.090,10.350,10.160,0.310,2406575.000,10.430,10.140
1.570,117.640,117.000,1.820,2749302.000,119.690,116.900
3.070,9.410,9.190,0.280,12603664.000,9.410,9.050
5.440,14.730,14.200,0.760,35158705.000,14.990,14.120
1.510,3.370,3.340,0.050,609772.000,3.500,3.310
3.550,1.460,1.420,0.050,2193488.000,1.490,1.410
2.150,28.070,27.680,0.590,38753.000,28.200,27.450
6.310,21.070,20.170,1.250,6540919.000,21.260,20.130
0.050,55.360,55.990,0.030,937897.000,56.190,55.290
1.310,37.050,36.820,0.480,9699137.000,37.250,36.750
0.740,85.960,85.980,0.630,1079307.000,86.500,85.840
1.500,49.020,48.810,0.725,42585.000,49.160,48.250
2.520,26.460,26.010,0.650,815651.000,26.510,25.800
2.390,51.770,50.850,1.210,924138.000,51.930,50.850
2.150,56.500,55.900,1.190,1475960.000,56.550,55.712
3.130,18.800,18.500,0.570,31005.000,19.090,18.350
3.480,17.520,17.020,0.590,264416.000,17.580,16.930
-0.820,1.210,1.230,-0.010,598779.000,1.230,1.200
0.230,86.060,86.000,0.200,5983159.000,86.290,85.660
1.570,12.930,12.750,0.200,1054172.000,13.000,12.700
2.590,59.010,57.930,1.490,827849.000,59.070,57.440
1.430,54.490,54.570,0.770,12065762.000,54.810,54.190
3.340,36.230,35.270,1.170,61331.000,36.540,35.170
0.930,10.890,10.820,0.100,63678.000,10.970,10.820
1.340,28.000,27.920,0.370,5377465.000,28.150,27.590
-0.620,19.240,19.260,-0.120,1857960.000,19.300,19.020
0.450,24.800,24.920,0.110,1058203.000,24.920,24.740
2.860,7.540,7.410,0.210,66650.000,7.620,7.410
6.780,9.920,9.390,0.630,153128.000,9.980,9.390
-0.610,4.890,4.960,-0.030,878092.000,4.990,4.830
1.970,30.030,29.520,0.580,162762.000,30.110,29.520
2.000,34.680,34.240,0.680,1062194.000,34.740,34.100
1.270,68.810,68.840,0.860,356532.000,69.270,68.350
1.060,2.850,2.852,0.030,12104488.000,2.910,2.800
2.490,51.380,50.860,1.250,1680183.000,51.540,50.570
1.240,55.680,55.130,0.680,197967.000,55.870,54.410
0.160,12.700,12.780,0.020,451324.000,12.850,12.670
5.180,19.280,18.870,0.950,13621775.000,19.370,18.820
7.080,55.780,54.600,3.690,9128600.000,56.140,54.330
0.800,46.700,46.860,0.370,1495355.000,47.290,46.110
1.060,40.070,39.935,0.420,1669293.000,40.260,39.790
-0.030,38.580,38.850,-0.010,1349604.000,38.850,38.470
4.420,1.180,1.150,0.050,594656.000,1.220,1.120
1.710,75.330,74.900,1.270,1761369.000,75.670,74.900
1.020,77.080,76.930,0.780,628099.000,77.100,76.090
1.260,54.830,54.500,0.680,5479768.000,54.870,54.030
1.910,11.210,11.120,0.210,185840.000,11.310,11.100
0.710,11.300,11.380,0.080,601041.000,11.420,11.270
0.770,20.920,21.120,0.160,195985.000,21.370,20.850
-0.860,47.480,48.430,-0.410,334068.000,48.679,47.321
2.650,34.090,33.470,0.880,29662576.000,34.130,33.400
4.550,74.220,71.570,3.230,398582.000,74.790,71.250
0.320,22.160,22.250,0.070,87768.000,22.490,22.060
1.180,51.410,51.340,0.600,95756.000,51.680,50.810
1.440,106.590,106.080,1.510,7703466.000,106.920,105.800
0.940,23.580,23.590,0.220,35528.000,23.820,23.320
0.740,31.380,31.400,0.230,5778.000,31.560,31.170
5.360,8.840,8.500,0.450,261045.000,8.900,8.340
2.840,32.260,31.500,0.890,103364.000,32.430,31.481
1.000,85.580,85.470,0.850,360648.000,86.120,85.320
1.430,9.240,9.170,0.130,278853.000,9.300,9.120
1.020,3.960,3.980,0.040,1064751.000,3.990,3.940
1.350,111.760,111.800,1.490,420923.000,112.570,110.850
2.940,11.570,11.400,0.330,25311.000,11.600,11.190
2.200,59.540,59.030,1.280,2461131.000,60.740,59.020
1.960,26.050,25.800,0.500,127415.000,26.110,25.390
5.440,23.630,22.580,1.220,822483.000,23.940,22.580
0.340,32.500,32.680,0.110,496839.000,32.680,32.310
0.380,23.850,23.910,0.090,1335179.000,23.990,23.780
0.140,7.330,7.390,0.010,294461.000,7.520,7.300
-13.640,24.240,25.450,-3.830,16240459.000,25.680,23.900
0.490,58.900,59.010,0.290,2820678.000,59.360,58.568
1.530,53.630,53.310,0.810,2284795.000,53.740,53.070
-0.610,32.830,33.240,-0.200,394498.000,33.500,32.760
1.550,357.200,354.670,5.440,14155303.000,358.000,354.000
1.260,10.460,10.330,0.130,27779.000,10.560,10.330
0.110,45.050,45.210,0.050,1346947.000,45.340,44.940
1.050,15.900,15.830,0.165,12729369.000,16.030,15.790
10.840,7.260,6.690,0.710,2524390.000,7.330,6.670
0.420,13.220,13.290,0.055,1366402.000,13.650,13.030
1.500,63.040,62.580,0.930,1772904.000,63.090,62.220
-1.270,106.520,108.730,-1.370,1812827.000,108.880,106.400
1.160,82.100,81.670,0.940,838417.000,82.610,81.340
1.410,111.630,111.570,1.550,7356821.000,112.650,111.250
2.010,14.240,14.040,0.280,21251.000,14.250,14.040
1.630,33.690,33.360,0.540,395536.000,34.160,33.300
4.170,6.000,5.790,0.240,72829.000,6.090,5.630
1.120,47.800,47.560,0.530,293252.000,47.970,47.280
0.110,65.770,66.160,0.070,1465840.000,66.390,65.610
1.000,26.250,26.090,0.260,7426944.000,26.500,26.080
0.920,18.730,18.670,0.170,524961.000,18.750,18.540
2.050,60.310,59.740,1.210,1868922.000,60.550,59.730
4.340,54.610,53.230,2.270,1766784.000,54.900,53.060
1.890,55.020,54.360,1.020,2778643.000,55.020,54.330
2.130,11.050,10.920,0.230,596995.000,11.170,10.810
1.670,17.620,17.630,0.290,38248.000,17.840,17.410
1.900,61.680,61.000,1.150,2754852.000,61.840,60.350
-0.170,52.250,52.720,-0.090,2752490.000,52.750,52.015
1.920,17.000,16.870,0.320,1363054.000,17.340,16.860
0.680,55.050,55.260,0.370,3347419.000,55.660,54.970
1.750,26.100,25.880,0.450,150185.000,26.460,25.600
4.510,5.790,5.580,0.250,73448.000,5.880,5.580
1.260,116.740,117.350,1.450,2012747.000,118.220,115.430
1.890,84.770,83.480,1.570,4497.000,84.900,83.480
0.950,70.210,70.000,0.660,1289740.000,70.540,69.670
0.280,24.690,24.750,0.070,220632.000,24.760,24.540
2.220,45.200,44.490,0.980,764008.000,45.390,44.080
-0.100,86.370,87.230,-0.090,945986.000,87.280,85.660
0.990,24.480,24.390,0.240,106742.000,24.600,24.220
2.080,40.760,40.420,0.830,544836.000,41.680,40.220
2.020,33.830,33.410,0.670,1073334.000,34.070,33.300
-0.730,55.860,56.490,-0.410,3379272.000,56.690,55.350
1.500,198.490,197.760,2.940,412435.000,199.100,197.050
0.380,58.080,58.220,0.220,1623727.000,58.400,57.860
0.930,93.370,93.520,0.860,1060377.000,93.850,93.090
0.310,9.600,9.710,0.030,50626.000,9.910,9.540
-0.230,121.480,122.360,-0.280,60263.000,122.385,120.960
1.280,62.370,62.000,0.790,421655.000,62.540,61.890
0.980,47.520,47.630,0.460,1058516.000,47.940,46.980
0.680,19.220,19.210,0.130,953978.000,19.260,19.080
2.140,15.300,15.150,0.320,146364.000,15.330,15.050
0.830,191.260,190.880,1.580,3672.000,191.260,190.000
2.570,15.190,14.990,0.380,2774946.000,15.300,14.940
0.300,56.380,56.790,0.170,852398.000,57.010,56.050
3.380,45.300,44.460,1.480,18296245.000,45.670,44.350
1.160,55.840,55.530,0.640,6199404.000,56.200,55.520
2.580,17.510,17.240,0.440,1517943.000,17.730,17.120
0.100,19.270,19.300,0.020,127997.000,19.400,19.080
-0.360,16.790,17.020,-0.060,143941.000,17.020,16.600
3.670,23.460,22.940,0.830,4649594.000,23.610,22.870
8.950,3.410,3.270,0.280,877427.000,3.550,3.250
3.950,7.640,7.410,0.290,1344730.000,7.740,7.290
-4.420,16.640,17.510,-0.770,13132227.000,17.810,16.300
2.610,74.360,73.850,1.890,2579658.000,74.930,73.150
0.480,54.220,54.210,0.260,1128193.000,54.379,54.060
1.780,98.500,97.690,1.720,2955973.000,98.660,96.920
1.540,24.430,24.390,0.370,669954.000,24.640,24.310
1.910,13.890,13.800,0.260,853747.000,14.120,13.760
1.810,37.750,37.370,0.670,37988.000,38.070,37.098
1.880,10.290,10.260,0.190,1209295.000,10.410,10.220
-2.980,1.630,1.650,-0.050,1499855.000,1.710,1.620
1.020,132.870,132.280,1.340,2080172.000,134.210,130.240
0.020,50.370,50.410,0.010,2015646.000,50.470,50.370
1.660,9.170,9.090,0.150,56427.000,9.360,9.090
0.210,298.380,299.000,0.630,330724.000,299.450,298.000
2.800,12.870,12.660,0.350,53076.000,13.050,12.570
1.860,35.030,34.660,0.640,70279.000,35.490,34.300
0.660,64.190,64.040,0.420,358855.000,64.428,63.980
1.640,99.260,98.520,1.600,263988.000,99.890,98.332
1.090,11.170,11.150,0.120,2063820.000,11.260,11.070
0.870,4.660,4.610,0.040,449855.000,4.798,4.570
0.830,29.050,28.960,0.240,316282.000,29.130,28.890
0.870,56.800,56.640,0.490,21757.000,57.340,56.400
0.060,53.520,53.810,0.030,1330317.000,54.500,53.410
1.250,64.220,63.850,0.790,143032.000,64.600,63.450
1.430,61.870,61.750,0.870,1484540.000,62.250,61.520
1.860,33.460,33.070,0.610,10338095.000,33.600,32.930
-0.960,6.200,6.320,-0.060,158861.000,6.400,6.150
0.730,23.390,23.540,0.170,990602.000,23.600,23.220
1.360,17.130,16.960,0.230,237160.000,17.235,16.960
2.660,23.900,23.640,0.620,5627257.000,24.035,23.510
1.000,31.210,31.270,0.310,84176.000,31.600,31.030
2.740,8.240,8.080,0.220,134009.000,8.320,7.890
0.970,44.600,44.320,0.430,143997.000,45.000,44.092
7.020,42.530,40.345,2.790,5807487.000,42.950,40.345
1.550,22.910,22.660,0.350,926977.000,22.920,22.530
1.960,16.640,16.850,0.320,14190988.000,17.000,16.610
0.940,74.910,74.540,0.700,407353.000,74.980,73.770
1.400,17.410,17.280,0.240,23378.000,17.490,17.050
5.520,53.370,51.150,2.790,95031.000,53.530,50.930
0.520,25.320,25.450,0.130,87911.000,25.970,25.250
2.360,48.210,47.400,1.110,98938.000,48.250,47.150
2.960,39.590,38.860,1.140,1045505.000,39.640,38.780
1.250,4.040,4.030,0.050,208074.000,4.070,3.920
0.970,82.360,82.270,0.790,17147102.000,82.600,81.870
1.170,23.270,23.100,0.270,179115.000,23.370,23.050
1.090,25.050,24.980,0.270,709340.000,25.200,24.920
1.610,41.720,41.390,0.660,51567.000,41.920,40.880
0.240,37.790,37.970,0.090,49075.000,38.390,37.530
2.230,19.240,19.110,0.420,442876.000,19.490,19.110
0.560,14.490,14.530,0.080,1821365.000,14.760,14.460
1.690,52.800,52.330,0.880,5217787.000,52.930,52.130
0.000,4.660,4.690,0.000,87345.000,4.700,4.510
-1.140,3.470,3.550,-0.040,72551.000,3.580,3.450
2.420,59.350,58.460,1.400,551475.000,59.530,58.190
0.610,26.390,26.570,0.160,340597.000,26.720,26.170
0.580,20.750,20.810,0.120,275183.000,21.000,20.630
0.350,31.540,31.810,0.110,3267713.000,31.920,31.490
0.360,25.100,25.150,0.090,222794.000,25.160,25.010
-0.320,106.250,107.720,-0.340,2990591.000,107.890,105.670
-0.680,56.900,57.770,-0.390,52548.000,57.990,56.700
2.200,6.960,6.890,0.150,326300.000,7.040,6.780
2.590,40.390,39.570,1.020,2615348.000,40.450,39.550
0.580,79.270,79.470,0.460,129691.000,79.990,79.020
1.670,26.770,26.490,0.440,51485073.000,26.880,26.360
0.870,38.390,38.350,0.330,1542063.000,38.590,38.150
-0.050,57.760,58.330,-0.030,593430.000,58.670,57.460
-0.360,41.250,41.720,-0.150,1672234.000,41.850,40.470
0.950,88.280,88.325,0.830,127640.000,88.500,87.740
3.400,22.500,21.970,0.740,23675.000,22.600,21.880
0.780,98.000,97.730,0.760,3096490.000,98.190,97.170
3.430,7.840,7.720,0.260,6125227.000,7.860,7.640
2.730,1.130,1.080,0.030,654507.000,1.170,1.070
1.170,75.370,74.920,0.870,4703841.000,75.800,74.600
2.820,1.820,1.810,0.050,559985.000,1.850,1.800
1.040,9.750,9.750,0.100,142937.000,9.790,9.620
2.920,7.040,6.930,0.200,213986.000,7.200,6.850
2.870,31.900,31.380,0.890,807928.000,32.370,31.310
0.410,98.500,99.520,0.400,373057.000,99.690,98.280
-0.200,19.940,20.000,-0.040,184773.000,20.020,19.900
0.210,23.530,23.920,0.050,1356949.000,23.920,23.480
-0.930,13.800,13.950,-0.130,183940.000,14.000,13.770
-0.120,40.150,40.890,-0.050,66035.000,40.954,39.731
4.090,10.170,9.850,0.400,168257.000,10.170,9.850
3.190,13.600,13.380,0.420,3136.000,13.843,13.370
2.890,14.610,14.490,0.410,100961.000,14.910,14.450
1.480,42.630,42.370,0.620,22043652.000,42.960,42.310
3.720,108.510,105.800,3.890,745334.000,109.670,105.770
2.250,8.650,8.450,0.190,62265.000,8.740,8.371
0.210,33.010,33.110,0.070,298530.000,33.130,32.870
2.550,7.240,7.180,0.180,386369.000,7.300,7.110
1.830,44.970,44.660,0.810,1094911.000,45.255,44.580
0.210,46.830,47.000,0.100,2651361.000,47.060,46.670
2.480,1.240,1.210,0.030,1541308.000,1.290,1.200
4.010,50.610,49.200,1.950,158045.000,51.080,49.200
0.800,52.880,52.910,0.420,1107487.000,53.220,52.560
0.580,41.650,41.610,0.240,99402.000,41.990,41.420
-0.820,1.210,1.210,-0.010,145010.000,1.250,1.200
0.840,8.430,8.460,0.070,179265.000,8.610,8.280
0.740,38.010,38.210,0.280,221891.000,38.390,37.680
2.400,11.930,11.730,0.280,20376.000,11.970,11.550
3.450,16.180,15.740,0.540,2858807.000,16.250,15.700
-0.230,17.430,17.530,-0.040,38334355.000,17.800,17.390
5.730,8.120,7.770,0.440,1930375.000,8.200,7.760
2.270,16.230,16.000,0.360,304256.000,16.280,15.730
1.960,319.020,312.460,6.120,2155877.000,322.277,312.460
1.030,5.870,5.850,0.060,879189.000,5.880,5.770
3.370,53.390,52.430,1.740,3446509.000,53.680,52.180
-0.340,8.670,8.710,-0.030,165049.000,8.870,8.530
3.270,2.530,2.500,0.080,304169.000,2.560,2.450
1.070,29.280,29.190,0.310,414104.000,29.410,28.950
-2.360,76.040,77.500,-1.840,2078882.000,77.900,75.960
3.090,18.040,17.730,0.540,151568.000,18.080,17.700
2.830,32.650,32.060,0.900,337825.000,32.940,32.060
0.830,66.700,66.620,0.550,356086.000,66.900,66.441
5.700,25.040,24.000,1.350,6690.000,25.040,24.000
0.000,31.230,31.250,0.000,20056607.000,31.310,31.070
0.040,26.880,27.080,0.010,556931.000,27.160,26.640
1.970,24.830,24.590,0.480,3783142.000,24.930,24.480
0.500,58.630,59.120,0.290,934395.000,59.650,58.510
6.860,0.780,0.750,0.050,1167991.000,0.830,0.743
0.430,39.740,39.850,0.170,10045078.000,40.055,39.732
1.110,16.340,16.210,0.180,2634977.000,16.640,16.170
-0.690,176.480,176.780,-1.230,5796577.000,177.270,176.120
2.310,15.070,14.993,0.340,15035.000,15.100,14.410
3.090,39.680,38.590,1.190,148875.000,39.750,38.560
1.790,9.660,9.600,0.170,1542532.000,9.700,9.470
0.280,47.300,47.210,0.130,183694.000,48.020,47.070
-0.280,39.820,40.210,-0.110,214689.000,40.430,39.710
-1.490,81.750,83.390,-1.240,1610049.000,83.990,81.540
0.110,18.950,19.070,0.020,220351.000,19.420,18.855
1.490,34.670,34.520,0.510,133922.000,34.860,34.490
0.270,66.880,67.030,0.180,90202.000,67.330,66.730
0.120,43.050,43.370,0.050,254129.000,43.610,42.710
0.320,68.750,68.820,0.220,6034381.000,68.890,68.580
1.320,43.750,43.640,0.570,7794.000,43.800,42.910
1.420,17.110,17.020,0.240,337899.000,17.220,17.020
3.110,54.300,53.120,1.640,15475090.000,54.550,53.100
2.870,20.800,20.570,0.580,108011.000,20.889,20.230
0.000,3.830,3.850,0.000,137973.000,3.930,3.800
2.840,10.880,10.690,0.300,149385.000,10.980,10.670
-0.530,20.500,20.720,-0.110,294428.000,20.720,20.450
1.260,25.620,25.530,0.320,7913965.000,25.790,25.520
0.820,16.000,16.000,0.130,189853.000,16.210,15.760
0.500,70.550,71.010,0.350,856941.000,71.210,70.070
2.660,19.280,18.930,0.500,57247.000,19.440,18.880
0.990,23.540,23.570,0.230,312547.000,23.750,23.420
-0.480,41.530,41.860,-0.200,917898.000,42.070,41.430
1.170,45.890,45.690,0.530,465899.000,46.180,45.690
2.390,20.560,20.200,0.480,65591.000,20.890,20.100
1.990,83.050,82.080,1.620,3127619.000,84.490,81.790
0.850,27.360,27.370,0.230,192892.000,27.560,27.200
2.040,18.020,17.860,0.360,199134.000,18.060,17.700
-2.730,1.070,1.110,-0.030,2091133.000,1.120,1.050
3.350,46.570,46.110,1.510,3881619.000,46.790,45.690
-0.290,48.140,48.250,-0.140,1672376.000,48.400,48.010
0.610,24.900,24.980,0.150,5815453.000,25.000,24.760
3.930,4.500,4.400,0.170,1412488.000,4.550,4.320
0.560,17.820,17.810,0.100,293757.000,17.990,17.710
0.600,41.940,41.965,0.250,84977.000,41.990,41.680
0.180,22.850,22.960,0.040,620369.000,23.250,22.830
-0.700,82.060,83.200,-0.580,3181727.000,83.450,81.610
1.430,38.220,38.070,0.540,133003.000,38.570,37.765
0.770,10.500,10.500,0.080,10854.000,10.501,10.300
0.080,24.790,24.870,0.020,19830.000,24.910,24.540
1.580,1.930,1.900,0.030,515949.000,1.970,1.880
4.730,29.030,27.910,1.310,23651851.000,29.250,27.520
0.220,9.220,9.290,0.020,311654.000,9.300,9.195
0.710,2.830,2.810,0.020,6914483.000,2.860,2.780
1.900,19.350,19.230,0.360,50493.000,19.550,19.110
2.220,1.840,1.780,0.040,36588.000,1.840,1.690
2.850,6.490,6.340,0.180,52506.000,6.520,6.310
1.120,12.690,12.620,0.140,206114.000,12.760,12.590
2.190,86.440,85.450,1.850,6295271.000,87.121,85.310
0.540,93.000,93.090,0.500,347715.000,93.950,92.450
1.910,26.630,26.600,0.500,1640568.000,27.400,26.400
1.670,8.500,8.460,0.140,2120469.000,8.560,8.400
3.320,93.980,92.150,3.020,1119428.000,95.330,92.000
4.790,19.460,18.740,0.890,310171.000,19.890,18.550
2.240,39.630,39.240,0.870,489094.000,39.790,39.190
2.070,13.290,13.140,0.270,105113.000,13.660,12.940
3.350,76.220,74.000,2.470,33245.000,76.450,73.788
1.180,47.070,46.990,0.550,246833.000,47.590,46.730
4.010,24.400,23.660,0.940,279669.000,24.500,23.510
-0.740,65.890,66.840,-0.490,371826.000,66.840,65.780
1.690,41.510,41.190,0.690,2556107.000,41.700,41.010
0.340,44.330,44.700,0.150,203353.000,45.300,44.180
0.570,21.210,21.330,0.120,1188116.000,21.460,21.160
1.670,17.690,17.470,0.290,5088973.000,17.910,17.350
1.140,24.000,23.890,0.270,281849.000,24.050,23.780
2.360,26.450,25.880,0.610,10655.000,26.530,25.880
1.690,10.230,10.170,0.170,205319.000,10.285,10.020
1.600,35.530,35.260,0.560,191989.000,35.690,35.100
-0.100,31.180,31.490,-0.030,89811.000,31.720,31.070
0.660,21.210,21.100,0.140,752425.000,21.320,21.070
-2.530,15.000,15.270,-0.390,428880.000,15.280,14.310
4.750,17.860,17.230,0.810,54883.000,17.960,17.166
2.580,28.240,27.810,0.710,30897.000,28.260,27.490
0.240,55.330,55.560,0.130,70304.000,55.730,55.030
2.310,39.920,39.360,0.900,3914480.000,40.350,39.250
-0.490,40.710,41.270,-0.200,4138007.000,41.270,40.710
1.280,43.670,43.670,0.550,864883.000,43.960,43.470
0.710,49.340,49.140,0.350,3295203.000,49.440,49.080
1.870,41.320,41.190,0.760,27835717.000,41.790,41.100
3.930,36.800,35.690,1.390,1159970.000,37.530,35.480
0.220,35.930,35.980,0.080,10929176.000,36.020,35.820
2.970,4.160,4.080,0.120,330830.000,4.200,4.040
1.670,1.830,1.810,0.030,315999.000,1.860,1.800
3.050,37.870,37.060,1.120,1765208.000,39.350,36.770
-2.250,7.370,7.570,-0.170,310110.000,7.570,7.350
0.350,15.725,15.750,0.055,24579273.000,15.830,15.450
1.810,95.140,94.010,1.690,2384175.000,95.710,93.800
1.690,9.000,8.910,0.150,57845.000,9.130,8.900
0.350,25.580,25.680,0.090,16867996.000,25.815,25.540
3.180,3.240,3.180,0.100,122588.000,3.270,3.170
6.000,18.560,17.720,1.050,3420369.000,18.660,17.710
1.260,26.600,26.480,0.330,500535.000,26.650,26.390
4.900,103.470,99.710,4.830,21250.000,103.700,99.410
2.080,6.870,6.810,0.140,1285825.000,6.955,6.760
1.950,21.910,21.770,0.420,241161.000,22.150,21.420
0.680,20.690,20.730,0.140,1238888.000,20.770,20.600
4.950,4.450,4.300,0.210,452762.000,4.550,4.240
0.990,5.110,5.050,0.050,127650.000,5.130,5.000
3.440,7.820,7.630,0.260,23132590.000,7.890,7.610
1.540,16.490,16.370,0.250,25574673.000,16.600,16.250
3.810,15.530,15.020,0.570,58658.000,15.560,14.920
1.330,89.330,89.290,1.170,1040630.000,89.790,88.770
0.940,36.590,36.640,0.340,106835.000,36.950,36.380
0.760,39.700,39.500,0.300,13156.000,39.890,39.400
1.240,30.250,30.110,0.370,3552821.000,30.320,29.840
3.600,10.660,10.420,0.370,123372.000,10.860,10.280
1.140,405.500,404.820,4.560,3212.000,405.920,401.070
0.850,14.200,14.180,0.120,984456.000,14.370,14.130
1.430,70.460,69.890,0.990,633989.000,70.820,69.760
0.490,8.180,8.200,0.040,7927987.000,8.230,8.140
2.740,19.510,19.000,0.520,93267.000,19.610,19.000
1.420,20.020,19.880,0.280,823102.000,20.150,19.820
-0.190,62.690,63.180,-0.120,174693.000,63.310,62.630
2.350,34.420,33.780,0.790,707779.000,34.640,33.535
0.930,6.480,6.490,0.060,589752.000,6.510,6.360
1.420,43.620,43.450,0.610,4988220.000,43.920,43.010
2.230,54.990,55.060,1.200,4187212.000,55.800,54.720
-0.040,69.000,69.340,-0.030,1229166.000,69.710,68.860
1.100,104.430,103.000,1.140,117339.000,104.850,101.550
0.770,31.240,31.290,0.240,114509.000,31.290,30.390
0.740,10.950,10.970,0.080,865628.000,11.000,10.870
2.990,48.890,48.020,1.420,3534974.000,49.150,47.750
1.040,29.140,28.880,0.300,1261867.000,29.140,28.810
2.240,103.560,102.400,2.270,336445.000,103.800,101.730
1.250,33.330,33.100,0.410,11018547.000,33.600,33.040
1.190,216.740,215.090,2.550,3119764.000,217.800,215.090
-0.900,51.800,52.440,-0.470,2763713.000,52.530,51.310
1.920,33.520,33.170,0.630,1587128.000,33.660,33.030
-0.830,21.630,21.990,-0.180,17727.000,22.180,21.500
1.680,10.920,10.900,0.180,110447490.000,10.960,10.850
0.880,43.460,43.110,0.380,117820.000,43.460,42.630
1.450,39.160,39.000,0.560,75772.000,39.460,38.800
2.280,11.210,11.100,0.250,67908.000,11.430,11.090
0.500,292.420,293.430,1.460,3818062.000,297.350,291.630
3.680,55.490,54.780,1.970,23547547.000,56.120,54.460
0.950,36.030,35.940,0.340,81380.000,36.320,35.670
0.870,66.400,66.600,0.570,759609.000,67.200,66.044
13.210,8.400,7.740,0.980,2302420.000,8.450,7.740
1.890,28.590,28.320,0.530,191766.000,28.750,28.270
0.930,20.590,20.590,0.190,5578258.000,20.660,20.350
1.170,35.540,35.270,0.410,80500.000,35.750,35.010
1.190,19.590,19.490,0.230,473371.000,19.610,19.400
1.380,11.780,11.780,0.160,768835.000,11.940,11.640
3.480,9.210,8.980,0.310,2665565.000,9.250,8.970
0.300,16.870,16.950,0.050,858596.000,17.020,16.620
0.160,6.240,6.270,0.010,986912.000,6.350,6.190
1.140,35.400,35.000,0.400,1542328.000,35.540,34.930
1.410,69.220,69.090,0.960,1387674.000,69.730,68.560
2.860,15.850,15.570,0.440,1140672.000,15.970,15.530
1.570,33.740,33.420,0.520,669400.000,33.970,33.291
2.120,9.140,9.000,0.190,762285.000,9.170,8.990
4.050,13.110,12.820,0.510,480067.000,13.150,12.670
2.230,5.040,5.030,0.110,1078500.000,5.100,4.960
2.770,41.530,40.460,1.120,1396474.000,41.750,40.360
3.290,34.220,33.560,1.090,1786577.000,34.320,33.505
0.800,16.330,16.210,0.130,123895.000,16.468,16.200
1.230,18.910,18.840,0.230,164468.000,19.120,18.550
0.700,41.660,41.550,0.290,433986.000,41.680,41.430
2.850,66.780,65.820,1.850,2320531.000,66.860,65.650
1.840,17.190,16.960,0.310,259658.000,17.270,16.920
0.980,26.840,26.600,0.260,9486680.000,26.930,26.600
0.830,10.960,10.920,0.090,713166.000,11.200,10.870
-0.710,1.390,1.410,-0.010,773376.000,1.410,1.380
-0.420,71.880,72.490,-0.300,265834.000,72.610,71.770
-0.520,17.350,17.620,-0.090,3704356.000,17.740,17.340
1.850,50.590,50.370,0.920,268268.000,51.130,50.080
1.890,12.380,12.210,0.230,173011.000,12.420,12.100
0.900,142.810,142.820,1.270,189166.000,143.140,141.980
-0.030,90.500,90.830,-0.030,49224.000,91.250,90.290
1.300,75.600,75.430,0.970,2230086.000,75.635,74.500
1.610,46.770,46.620,0.740,2677179.000,46.880,46.290
0.370,24.580,24.600,0.090,2095907.000,24.600,24.100
0.340,20.650,20.800,0.070,374595.000,20.970,20.550
0.330,45.490,45.770,0.150,1779949.000,46.580,45.410
1.920,18.580,18.460,0.350,1376228.000,18.700,18.430
3.030,13.435,13.140,0.395,16023745.000,13.520,13.125
2.360,26.060,25.600,0.600,3161967.000,26.290,25.600
1.440,23.220,23.070,0.330,39295.000,23.300,22.870
0.150,27.550,27.730,0.040,592153.000,27.780,27.430
-0.270,10.990,11.160,-0.030,1131348.000,11.330,10.931
0.590,17.060,17.090,0.100,886594.000,17.140,16.950
1.010,39.150,38.900,0.390,131705.000,39.350,38.860
0.940,38.850,38.930,0.360,203912.000,39.210,38.650
0.690,36.700,36.630,0.250,1128082.000,36.830,36.390
0.330,18.000,18.060,0.060,433398.000,18.060,17.850
1.330,32.070,31.850,0.420,4725903.000,32.350,31.760
1.890,4.840,4.760,0.090,223391.000,4.840,4.720
1.230,21.390,21.290,0.260,235693.000,21.600,21.160
2.050,30.930,30.630,0.620,192794.000,31.370,30.570
3.270,29.360,28.660,0.930,18110.000,29.460,28.460
1.150,29.130,28.970,0.330,581289.000,29.230,28.840
0.640,72.510,72.680,0.460,619575.000,73.150,72.260
9.570,2.520,2.340,0.220,1547463.000,2.540,2.290
-0.540,18.410,18.540,-0.100,147812.000,18.560,18.300
0.930,31.630,31.570,0.290,2693028.000,31.680,31.530
0.850,34.290,34.300,0.290,108072.000,34.520,34.000
0.620,84.490,85.170,0.520,103336.000,85.170,84.230
3.860,20.440,19.740,0.760,529463.000,20.440,19.680
1.150,37.060,36.940,0.420,5997931.000,37.260,36.870
1.260,16.070,16.000,0.200,2099525.000,16.130,15.950
1.280,38.740,38.540,0.490,140908.000,38.800,38.250
1.460,68.990,67.190,0.990,12872.000,70.340,67.190
2.090,21.460,21.220,0.440,507752.000,21.460,21.150
-0.610,18.000,18.240,-0.110,300574.000,18.250,17.920
1.930,68.240,67.870,1.290,793545.000,68.500,67.430
0.560,54.110,54.000,0.300,30669.000,54.360,53.620
1.300,75.810,75.530,0.970,805049.000,76.160,75.210
2.090,27.800,27.550,0.570,1992176.000,27.895,27.330
1.070,46.480,46.230,0.490,104488.000,46.570,45.851
-0.460,108.120,109.280,-0.500,278943.000,110.300,107.100
1.910,5.340,5.270,0.100,141694.000,5.360,5.230
1.180,12.010,11.980,0.140,39594.000,12.178,11.850
3.410,6.370,6.240,0.210,658559.000,6.530,6.240
0.630,22.520,22.470,0.140,36237.000,22.870,22.370
2.160,6.630,6.540,0.140,14523.000,6.660,6.431
-1.090,19.030,19.360,-0.210,5620366.000,19.430,19.030
14.140,0.788,0.750,0.098,3085248.000,0.815,0.750
2.740,157.490,155.140,4.200,1926529.000,159.170,155.130
2.690,68.250,67.360,1.790,1782674.000,68.520,67.160
3.980,11.750,11.430,0.450,1575194.000,11.900,11.420
4.780,12.710,12.240,0.580,651983.000,13.110,12.140
3.240,13.060,12.870,0.410,166073.000,13.090,12.580
1.170,69.030,68.850,0.800,81904.000,69.490,68.250
0.270,44.900,45.280,0.120,1471274.000,45.460,44.800
0.080,96.550,96.500,0.080,121383.000,97.740,96.180
3.130,24.060,23.520,0.730,30296.000,24.130,23.409
2.130,21.580,21.400,0.450,1011107.000,21.820,21.210
0.000,7.400,7.450,0.000,348304.000,7.500,7.370
2.170,21.150,20.830,0.450,1212963.000,21.150,20.780
-3.160,73.000,75.860,-2.380,705355.000,75.980,72.900
1.930,17.430,17.270,0.330,313101.000,17.510,17.130
3.050,36.780,36.100,1.090,586686.000,36.810,35.761
-0.250,40.320,39.900,-0.100,10796812.000,40.500,39.430
1.710,107.600,107.100,1.810,2647534.000,107.890,106.590
2.720,20.410,20.260,0.540,4902441.000,20.645,20.150
2.310,1.330,1.320,0.030,26756191.000,1.360,1.280
0.000,6.140,6.160,0.000,20696.000,6.220,6.090
0.830,84.800,84.900,0.700,445419.000,85.140,84.440
0.560,35.730,35.760,0.200,12103545.000,35.950,35.450
0.800,147.010,147.220,1.170,6851589.000,148.440,145.070
-0.650,29.230,29.590,-0.190,3102769.000,29.590,29.150
0.730,65.220,65.020,0.470,873392.000,65.410,64.890
0.630,31.870,31.940,0.200,296243.000,32.250,31.790
-2.070,0.227,0.220,-0.005,223545.000,0.234,0.216
1.690,58.490,57.900,0.970,202450.000,58.740,57.900
0.640,20.440,20.430,0.130,28154.000,20.781,20.060
1.360,80.590,80.280,1.080,161088.000,80.847,79.480
2.910,7.430,7.300,0.210,8565633.000,7.500,7.275
0.520,36.980,36.970,0.190,249820.000,37.300,36.780
-0.420,75.760,76.670,-0.320,71358.000,77.040,75.580
3.060,13.470,13.150,0.400,88687.000,13.500,13.080
0.570,82.690,83.100,0.470,1358353.000,84.000,82.600
0.330,33.230,33.490,0.110,295853.000,33.510,33.170
5.840,26.620,25.550,1.470,2998030.000,27.210,25.550
4.560,9.860,9.520,0.430,280658.000,10.100,9.400
0.400,37.960,37.400,0.150,1139309.000,38.430,36.690
-2.650,20.230,20.640,-0.550,91777098.000,20.740,20.170
2.530,42.570,42.010,1.050,127755.000,42.990,41.870
0.090,44.230,44.200,0.040,2337652.000,44.240,44.160
0.490,38.690,38.910,0.190,1086634.000,39.340,38.600
0.990,7.150,7.180,0.070,277932.000,7.210,7.010
1.990,12.840,12.770,0.250,5590209.000,12.910,12.670
2.140,15.300,15.070,0.320,318783.000,15.310,15.020
1.080,11.270,11.240,0.120,610720.000,11.510,11.200
2.270,22.060,21.710,0.490,128563.000,22.290,21.600
0.250,81.270,81.200,0.200,2456768.000,81.560,80.160
0.860,27.000,26.950,0.230,452344.000,27.090,26.930
1.420,17.150,17.010,0.240,13644096.000,17.220,16.940
0.950,25.450,25.370,0.240,168088.000,25.660,25.230
1.110,80.400,79.680,0.880,176770.000,80.669,79.670
-1.090,44.400,45.200,-0.490,3961126.000,45.390,44.000
2.510,17.498,17.200,0.428,104292.000,17.580,17.110
3.820,2.990,2.900,0.110,1601671.000,3.020,2.880
1.320,5.360,5.320,0.070,298419.000,5.440,5.230
0.800,39.160,39.010,0.310,2765727.000,39.340,39.010
1.480,25.420,25.320,0.370,56092.000,25.850,25.190
2.190,24.680,24.290,0.530,121121.000,24.980,24.170
1.460,64.710,64.500,0.930,819814.000,64.890,64.000
0.160,32.100,32.510,0.050,1132495.000,32.580,31.580
3.070,26.180,25.480,0.780,25937.000,26.230,25.450
0.070,27.210,27.290,0.020,611492.000,27.290,27.025
1.660,11.050,11.000,0.180,62776.000,11.120,10.870
0.110,9.170,9.150,0.010,606796.000,9.190,9.150
2.420,17.360,17.000,0.410,4542642.000,17.410,16.950
1.980,26.260,26.060,0.510,5575219.000,26.430,25.980
-1.350,33.730,33.530,-0.460,12160043.000,33.980,32.800
-4.200,5.700,5.910,-0.250,12187.000,5.999,5.690
0.770,53.900,53.950,0.410,4094165.000,54.180,53.000
1.550,48.490,48.120,0.740,140605.000,48.770,47.921
2.850,29.560,29.030,0.820,51771.000,29.560,28.930
0.900,49.220,48.940,0.440,182364.000,49.430,48.860
0.360,57.910,58.080,0.210,6046349.000,58.300,57.540
6.010,21.330,20.260,1.210,2615376.000,21.370,19.870
1.670,1.220,1.210,0.020,442653.000,1.230,1.190
1.850,25.380,25.150,0.460,8366.000,25.470,25.000
5.950,32.580,32.010,1.830,10127736.000,33.560,31.950
0.240,33.840,33.940,0.080,152203.000,34.100,33.700
1.790,10.790,10.650,0.190,351000.000,10.860,10.560
1.340,131.960,131.000,1.750,430448.000,132.160,130.010
1.490,15.660,15.580,0.230,211802.000,15.690,15.470
1.090,89.330,89.070,0.960,470704.000,89.820,88.780
0.690,36.450,36.470,0.250,15832081.000,36.590,36.330
1.430,46.750,46.440,0.660,920515.000,46.880,46.240
2.220,5.990,5.930,0.130,487754.000,6.040,5.860
-3.310,368.250,376.000,-12.620,682390.000,378.130,367.620
2.130,77.620,76.670,1.620,2281294.000,77.710,76.660
2.730,17.280,17.000,0.460,336584.000,17.320,16.840
1.010,31.080,30.980,0.310,857121.000,31.280,30.920
0.750,52.490,52.760,0.390,711786.000,52.859,52.260
0.220,4.520,4.640,0.010,134143.000,4.640,4.500
0.420,82.070,82.010,0.340,383482.000,82.240,81.800
1.580,46.160,45.910,0.720,815319.000,46.490,45.880
0.670,4.520,4.510,0.030,184792.000,4.540,4.455
2.200,8.820,8.700,0.190,73821.000,8.840,8.483
-3.620,20.260,20.510,-0.760,185790.000,21.140,19.760
3.250,35.930,35.260,1.130,828051.000,36.440,35.020
1.620,37.110,36.780,0.590,4452664.000,37.370,36.590
-0.550,34.230,34.500,-0.190,230163.000,34.550,33.960
0.680,51.830,51.900,0.350,1467681.000,52.170,51.760
0.550,98.570,98.870,0.540,369174.000,99.035,98.080
0.150,66.590,67.970,0.100,2306862.000,68.780,66.050
0.680,2.950,2.950,0.020,238359.000,2.960,2.910
1.770,43.090,42.800,0.750,3464335.000,44.040,42.790
0.330,33.910,33.880,0.110,35288.000,33.950,33.590
0.740,27.280,27.220,0.200,248934.000,27.749,27.130
1.670,53.640,52.780,0.880,5249006.000,53.800,52.740
1.130,25.120,25.270,0.280,5693120.000,25.760,24.940
-0.080,50.130,50.210,-0.040,2620025.000,50.330,49.050
1.450,9.810,9.800,0.140,252052.000,9.880,9.666
1.390,40.770,40.410,0.560,49894.000,41.360,40.340
0.570,15.810,15.780,0.090,20905771.000,15.950,15.700
1.690,59.000,58.560,0.980,736061.000,59.140,58.560
2.100,12.670,12.530,0.260,250054.000,12.720,12.430
1.020,97.790,97.390,0.990,865298.000,98.005,96.910
2.440,15.540,15.310,0.370,78258.000,15.580,15.043
0.000,4.990,4.990,0.000,99275.000,4.990,4.952
-1.000,55.590,54.880,-0.560,6194303.000,56.000,54.750
0.500,20.250,20.250,0.100,832548.000,20.310,20.010
2.180,46.950,46.530,1.000,899611.000,48.350,46.530
2.090,547.340,541.740,11.210,902930.000,549.600,540.170
0.970,89.360,88.930,0.860,532367.000,89.760,88.580
1.350,47.380,47.060,0.630,51509.000,47.530,46.710
1.920,39.300,38.930,0.740,92192.000,39.850,38.840
2.790,15.130,14.920,0.410,3693141.000,15.300,14.920
0.100,80.100,80.120,0.080,707614.000,80.170,80.040
1.360,48.460,48.080,0.650,1016980.000,48.490,47.520
55.150,8.440,8.440,3.000,33246509.000,8.450,8.420
1.070,42.400,42.220,0.450,118513.000,42.770,42.140
0.950,59.260,58.900,0.560,12548345.000,59.480,58.860
1.210,59.220,59.150,0.710,2116248.000,59.490,59.045
