1.400,11.590,11.380,0.160,252808.000,11.740,11.380
-1.730,21.010,21.380,-0.370,149564.000,21.490,20.910
0.610,13.140,13.020,0.080,167003.000,13.340,13.020
-0.610,66.350,66.620,-0.410,168891.000,67.060,66.320
-0.160,6.170,6.180,-0.010,385257.000,6.270,6.090
-1.910,32.300,32.940,-0.630,2005312.000,33.130,32.230
-2.470,50.860,51.780,-1.290,419834.000,51.930,50.740
-6.730,23.710,24.570,-1.710,7444836.000,24.800,23.180
-4.220,34.480,35.730,-1.520,5131685.000,35.990,34.400
-0.100,19.540,19.450,-0.020,2839848.000,20.040,19.170
-1.120,48.750,49.360,-0.550,13073.000,49.380,48.160
0.230,57.290,56.980,0.130,1574115.000,57.660,56.850
0.750,37.630,37.190,0.280,4466564.000,38.080,37.030
-0.890,17.840,17.880,-0.160,45622.000,18.050,17.750
0.490,20.600,20.470,0.100,14394.000,20.740,20.470
-0.860,18.490,18.580,-0.160,84288.000,18.650,18.300
-0.210,37.310,37.090,-0.080,839152.000,38.090,36.750
-0.130,15.910,15.810,-0.020,253317.000,16.320,15.720
-1.540,3.190,3.240,-0.050,984159.000,3.270,3.170
0.470,52.930,52.410,0.250,1152401.000,53.690,52.410
-0.270,11.100,11.130,-0.030,244527.000,11.180,11.060
-1.100,4.480,4.500,-0.050,126716.000,4.690,4.450
-1.960,71.910,73.620,-1.440,5309177.000,73.860,71.790
-0.560,15.890,15.990,-0.090,44225.000,16.070,15.880
0.540,11.190,11.120,0.060,17887.000,11.470,11.073
-0.590,23.660,23.760,-0.140,19986.000,24.280,23.620
1.930,15.290,14.890,0.290,198398.000,15.560,14.890
0.790,36.800,36.280,0.290,61754.000,37.010,36.190
-1.020,11.610,11.730,-0.120,7521018.000,11.790,11.570
-1.340,18.380,18.430,-0.250,44356616.000,18.660,18.380
0.380,13.310,13.200,0.050,158238.000,13.600,13.180
-0.360,5.510,5.490,-0.020,317644.000,5.540,5.380
-0.470,16.890,16.850,-0.080,236569.000,17.030,16.840
-0.880,52.750,52.840,-0.470,1492045.000,53.900,52.540
2.060,9.900,9.680,0.200,2207118.000,9.940,9.520
1.190,52.720,51.950,0.620,868030.000,53.220,51.950
0.030,31.750,31.650,0.010,282189.000,31.970,31.510
-1.440,14.340,14.470,-0.210,1698281.000,14.540,14.250
-2.360,45.060,45.720,-1.090,5792636.000,45.890,44.610
-0.360,67.030,66.900,-0.240,10301748.000,67.680,66.830
-2.300,9.330,9.510,-0.220,704683.000,9.660,9.297
0.000,4.960,4.920,0.000,115761.000,5.025,4.920
-0.110,86.940,86.940,-0.100,333144.000,87.280,86.780
0.120,85.310,84.980,0.100,195760.000,85.400,84.980
-1.090,69.190,69.860,-0.760,217947.000,70.240,69.070
-2.690,17.380,17.780,-0.480,2648569.000,17.800,17.380
-0.240,37.300,37.260,-0.090,138866.000,37.630,37.120
0.610,14.860,14.760,0.090,28116.000,15.020,14.400
-0.860,31.180,31.420,-0.270,9114545.000,31.780,30.950
-2.300,67.100,68.630,-1.580,7755728.000,68.800,67.000
0.690,52.650,52.300,0.360,2796132.000,53.176,52.190
-0.460,8.580,8.580,-0.040,127770.000,8.790,8.480
0.270,25.960,25.840,0.070,135858.000,26.330,25.830
-4.460,7.290,7.590,-0.340,1879675.000,7.600,7.280
1.930,8.440,8.280,0.160,34598.000,8.500,8.280
1.040,4.880,4.840,0.050,1353218.000,5.010,4.770
-0.380,13.250,13.300,-0.050,1290644.000,13.300,13.200
-0.660,12.120,12.150,-0.080,2760850.000,12.350,11.920
0.330,9.010,8.890,0.030,2467095.000,9.330,8.590
-0.290,64.530,64.480,-0.190,11170176.000,65.060,64.390
-0.680,7.310,7.340,-0.050,31418.000,7.480,7.300
-0.840,22.360,22.560,-0.190,1737309.000,22.705,22.350
-0.630,77.770,77.820,-0.490,2317002.000,78.760,77.700
0.320,9.500,9.380,0.030,598447.000,9.720,9.330
-0.820,59.490,59.810,-0.490,239693.000,59.900,59.220
1.580,81.740,80.100,1.270,578271.000,82.520,80.100
-1.850,2.650,2.710,-0.050,31622.000,2.800,2.650
4.200,1.240,1.200,0.050,662992.000,1.270,1.165
-0.770,33.560,33.740,-0.260,1449281.000,34.020,33.510
0.610,90.470,89.630,0.550,448866.000,91.070,89.550
2.990,12.060,11.660,0.350,903585.000,12.240,11.660
-0.450,11.180,11.250,-0.050,371324.000,11.300,11.170
-0.860,62.290,62.980,-0.540,901221.000,62.980,62.170
1.490,87.450,87.160,1.280,1541360.000,88.290,86.760
-0.080,37.090,37.050,-0.030,13388154.000,37.310,37.040
-1.810,38.490,39.020,-0.710,2456522.000,39.520,38.380
-0.910,27.655,27.910,-0.255,5796186.000,28.060,27.560
-1.800,4.910,4.990,-0.090,138619.000,5.020,4.890
0.680,41.550,41.010,0.280,7225900.000,41.860,41.000
-0.670,19.230,19.400,-0.130,7111515.000,19.500,19.190
0.250,24.390,24.390,0.060,20859.000,24.840,24.300
-1.510,43.110,43.610,-0.660,1343021.000,43.690,42.990
-2.450,5.970,6.090,-0.150,669409.000,6.200,5.960
-0.990,49.070,49.300,-0.490,241471.000,49.670,48.990
-0.730,93.780,94.400,-0.690,1304863.000,95.956,93.480
-2.090,22.510,22.910,-0.480,6156407.000,23.040,22.490
1.080,13.605,13.480,0.145,4110271.000,13.710,13.420
0.730,30.270,29.880,0.220,282709.000,30.600,29.880
-1.170,37.850,38.250,-0.450,18860.000,38.630,37.840
-0.900,40.830,41.070,-0.370,353357.000,41.490,40.780
-0.730,28.720,28.770,-0.210,4715614.000,29.240,28.600
1.830,25.560,24.980,0.460,6902313.000,25.830,24.880
2.390,22.660,22.070,0.530,555759.000,22.800,21.830
-1.160,33.240,33.460,-0.390,303774.000,33.980,33.210
-0.860,6.910,6.910,-0.060,392626.000,7.080,6.880
-1.210,6.550,6.600,-0.080,1454611.000,6.728,6.550
-0.170,11.830,11.850,-0.020,4776171.000,11.950,11.760
2.290,9.820,9.550,0.220,5856698.000,10.030,9.460
1.000,17.200,17.000,0.170,78833.000,17.520,16.840
0.720,104.740,104.270,0.750,6749.000,105.940,103.960
0.260,23.080,22.950,0.060,91731.000,23.505,22.950
0.610,1.660,1.600,0.010,133860.000,1.690,1.600
-1.880,6.280,6.400,-0.120,4158332.000,6.410,6.250
-5.020,42.610,44.200,-2.250,5838921.000,44.400,41.900
0.270,55.000,54.720,0.150,63141.000,55.710,54.720
-1.020,32.940,33.230,-0.340,1376342.000,33.430,32.910
-1.200,7.380,7.420,-0.090,32585.000,7.450,7.360
0.790,44.580,44.230,0.350,579527.000,44.740,44.175
0.520,42.420,42.010,0.220,748241.000,43.000,41.740
-1.530,3.210,3.250,-0.050,62350.000,3.280,3.210
0.340,17.470,17.430,0.060,386982.000,17.490,17.240
-1.340,33.190,33.310,-0.450,3783608.000,33.400,32.900
-0.340,14.810,14.810,-0.050,8899774.000,14.880,14.510
-0.310,12.880,12.910,-0.040,4039638.000,12.990,12.850
0.620,58.180,57.610,0.360,162039.000,58.450,57.438
-0.280,52.910,52.910,-0.150,1547750.000,53.420,52.720
-2.140,31.070,31.750,-0.680,2132382.000,32.110,30.670
-0.750,88.460,89.440,-0.670,4920010.000,89.460,88.330
-2.880,10.780,11.110,-0.320,27070.000,11.110,10.770
1.330,41.050,40.400,0.540,557316.000,41.450,40.310
-1.440,10.980,11.030,-0.160,1671449.000,11.270,10.960
-0.500,7.900,7.860,-0.040,17150.000,7.980,7.836
0.500,42.500,42.460,0.210,945723.000,42.945,42.280
-0.450,13.130,13.020,-0.060,186491.000,13.245,12.500
1.100,15.600,15.430,0.170,87333631.000,15.960,15.420
2.220,54.420,53.950,1.180,540267.000,55.290,53.170
-0.600,9.880,9.880,-0.060,1867102.000,10.110,9.820
-2.110,110.400,112.260,-2.380,3021150.000,112.490,108.050
-4.330,8.610,8.970,-0.390,30188650.000,9.020,8.560
2.990,14.490,14.070,0.420,33223696.000,14.780,13.990
-1.210,3.260,3.300,-0.040,255486.000,3.400,3.250
0.740,1.370,1.360,0.010,2709438.000,1.420,1.330
-0.320,27.710,27.590,-0.090,38261.000,27.920,27.500
-1.840,19.760,20.070,-0.370,2714537.000,20.280,19.710
-1.340,53.050,53.460,-0.720,1122700.000,53.870,52.460
-0.690,36.110,36.400,-0.250,8685227.000,36.750,36.100
-0.530,83.760,83.990,-0.450,967291.000,84.430,83.610
0.490,49.390,48.780,0.240,58376.000,49.980,48.780
-0.630,25.310,25.460,-0.160,346900.000,25.560,25.230
0.020,51.700,51.430,0.010,662317.000,52.070,51.430
-1.990,54.090,55.220,-1.100,1488251.000,55.300,54.070
-0.960,17.450,17.610,-0.170,107734.000,17.820,17.330
-2.360,16.980,17.360,-0.410,62913.000,17.480,16.970
1.770,1.150,1.130,0.020,399766.000,1.150,1.120
-0.420,84.990,85.200,-0.360,5447099.000,86.050,84.970
-1.910,12.320,12.490,-0.240,1317438.000,12.640,12.280
-1.670,55.860,56.830,-0.950,351443.000,57.060,55.740
0.130,53.940,53.860,0.070,9412867.000,54.420,53.760
-1.500,34.700,34.960,-0.530,133831.000,35.540,34.610
1.180,10.280,10.070,0.120,49161.000,10.330,9.790
0.550,27.280,27.280,0.150,4829185.000,27.400,26.980
-1.300,18.240,18.330,-0.240,2801111.000,18.460,18.215
-0.880,23.630,23.800,-0.210,1240021.000,23.920,23.620
-1.760,7.250,7.250,-0.130,57475.000,7.430,7.250
-0.420,9.530,9.500,-0.040,77230.000,9.700,9.440
-1.230,4.820,4.850,-0.060,493663.000,4.891,4.805
1.100,29.300,28.830,0.320,181675.000,29.550,28.796
-1.600,32.670,33.260,-0.530,918370.000,33.270,32.650
-0.970,64.620,64.880,-0.630,267627.000,65.294,64.520
1.470,2.760,2.720,0.040,10124254.000,2.870,2.710
-2.230,49.180,49.600,-1.120,2434134.000,50.190,48.560
0.240,54.830,54.620,0.130,106184.000,55.410,54.620
0.480,12.440,12.330,0.060,476514.000,12.670,12.300
0.590,18.750,18.550,0.110,5923740.000,18.950,18.500
1.380,55.880,54.910,0.760,5388112.000,56.380,54.800
0.810,44.900,44.280,0.360,1228941.000,45.480,44.120
-1.050,39.500,39.740,-0.420,2156824.000,39.740,39.030
-0.260,37.670,37.850,-0.100,1229622.000,38.100,37.530
2.700,1.140,1.120,0.030,614152.000,1.180,1.110
-1.780,71.150,72.230,-1.290,1585890.000,72.380,71.030
0.490,76.500,75.620,0.370,696999.000,77.080,75.500
-0.170,53.390,53.750,-0.090,5339091.000,54.180,53.260
-0.090,11.000,10.980,-0.010,365314.000,11.080,10.970
-0.970,10.220,10.240,-0.100,902826.000,10.400,10.150
-0.390,20.310,20.360,-0.080,140235.000,20.500,20.130
-1.050,45.180,45.410,-0.480,112433.000,45.750,45.080
-1.630,32.600,33.320,-0.540,34906104.000,33.475,32.520
2.910,74.650,73.940,2.110,705121.000,80.000,72.850
1.370,22.130,21.820,0.300,134794.000,22.540,21.700
0.510,49.640,49.510,0.250,238105.000,49.930,49.210
-0.020,104.390,103.990,-0.020,8689505.000,105.950,103.990
-2.460,22.620,23.040,-0.570,61418.000,23.260,22.580
-0.290,30.750,30.830,-0.090,16713.000,31.560,30.580
1.370,8.850,8.730,0.120,139512.000,9.010,8.640
-1.470,30.170,30.500,-0.450,93355.000,30.520,30.020
-1.250,82.000,82.660,-1.040,385697.000,83.400,81.870
0.550,9.110,9.020,0.050,309927.000,9.200,9.020
-0.270,3.660,3.660,-0.010,625073.000,3.710,3.650
-2.080,103.360,105.000,-2.200,664092.000,105.680,103.270
-1.450,10.900,11.020,-0.160,25250.000,11.190,10.890
-0.380,55.570,55.720,-0.210,1284057.000,56.440,55.360
0.200,25.090,25.050,0.050,353833.000,25.540,25.010
1.090,23.130,22.810,0.250,761603.000,23.360,22.770
0.090,32.080,32.020,0.030,386544.000,32.250,31.880
2.060,23.780,23.850,0.480,2356139.000,24.250,23.730
-0.420,7.050,7.070,-0.030,182992.000,7.150,7.020
1.750,23.210,22.690,0.400,4840281.000,23.570,22.520
0.140,58.330,58.350,0.080,2965954.000,59.020,58.260
0.670,52.530,52.240,0.350,1869564.000,52.990,52.040
0.250,31.960,31.860,0.080,360428.000,32.390,31.760
-0.070,353.750,353.530,-0.250,16042238.000,357.680,348.620
-0.780,10.180,10.240,-0.080,18183.000,10.490,10.180
0.480,43.710,43.250,0.210,2214806.000,43.810,43.230
1.050,15.430,15.290,0.160,6514478.000,15.590,15.220
-4.740,6.030,6.290,-0.300,1455315.000,6.320,6.010
-2.270,12.900,13.070,-0.300,412553.000,13.200,12.760
0.420,62.040,61.690,0.260,1458001.000,62.690,61.640
-1.310,104.050,105.840,-1.380,1567251.000,106.334,103.990
-1.170,79.510,80.470,-0.940,783089.000,80.620,79.430
-1.060,107.010,107.630,-1.150,7524768.000,108.460,106.670
0.220,13.930,13.910,0.030,9530.000,14.100,13.901
-0.180,32.580,32.370,-0.060,339635.000,32.730,31.980
-1.690,5.820,5.920,-0.100,27194.000,5.920,5.760
-0.810,46.410,46.630,-0.380,374129.000,46.800,46.260
0.330,64.635,64.550,0.215,1112165.000,65.180,64.390
0.650,26.320,26.100,0.170,4866642.000,26.500,26.040
-1.780,17.670,17.880,-0.320,448849.000,17.950,17.630
-0.370,59.130,59.470,-0.220,1782344.000,59.860,59.130
-1.130,52.620,52.910,-0.600,703623.000,53.250,52.490
-0.110,53.810,53.930,-0.060,2265491.000,54.200,53.500
1.030,10.780,10.620,0.110,356111.000,10.900,10.620
0.000,17.030,16.940,0.000,32846.000,17.360,16.860
0.080,61.060,61.270,0.050,1822598.000,61.640,61.030
-1.240,50.260,50.660,-0.630,2085916.000,50.960,50.220
1.440,17.650,17.400,0.250,1422401.000,17.780,17.150
-0.390,53.290,53.280,-0.210,2850712.000,53.870,53.030
0.860,25.720,25.340,0.220,128697.000,26.220,25.340
0.850,5.930,5.880,0.050,54117.000,5.980,5.850
0.420,111.560,110.950,0.470,1390631.000,113.220,110.950
-0.870,82.020,82.980,-0.720,13990.000,83.800,80.750
-0.570,69.210,69.300,-0.400,1311908.000,69.989,69.000
0.580,24.400,24.210,0.140,325025.000,24.560,24.121
-5.760,40.080,42.230,-2.450,1545985.000,42.230,39.825
-0.140,84.170,84.270,-0.120,729673.000,84.960,83.760
-0.170,23.890,23.790,-0.040,133490.000,24.250,23.550
-1.690,38.480,38.940,-0.660,337754.000,39.560,38.410
-0.880,32.730,32.920,-0.290,759705.000,33.360,32.700
-0.490,54.600,54.660,-0.270,2555731.000,55.280,54.530
-1.440,183.690,185.400,-2.690,943046.000,188.560,183.500
0.030,57.350,57.380,0.020,1368625.000,57.940,57.260
-0.470,89.850,90.020,-0.420,1104422.000,90.690,89.710
0.650,9.340,9.220,0.060,21002.000,9.540,9.220
0.080,119.040,118.360,0.100,35724.000,119.700,118.090
-0.410,61.250,61.250,-0.250,614757.000,62.450,61.190
-1.120,44.980,45.300,-0.510,917704.000,46.130,44.850
0.210,18.870,18.760,0.040,1064198.000,19.010,18.720
-0.330,14.970,14.950,-0.050,83111.000,15.260,14.810
0.620,186.360,185.270,1.140,11907.000,189.890,185.270
-4.720,13.740,14.220,-0.680,6781794.000,14.250,13.510
3.570,57.380,55.290,1.980,1391011.000,57.640,54.320
-1.340,43.350,43.600,-0.590,16038862.000,44.490,43.280
-0.780,54.370,54.590,-0.430,4450837.000,54.990,54.320
-7.090,15.850,16.810,-1.210,3434260.000,16.810,15.760
-1.450,18.330,18.540,-0.270,124331.000,18.720,18.230
-0.430,16.060,16.090,-0.070,21917.000,16.345,16.060
-0.590,22.070,22.060,-0.130,3272296.000,22.230,21.995
2.660,3.470,3.360,0.090,507321.000,3.530,3.310
-0.140,7.350,7.310,-0.010,497849.000,7.420,7.290
3.480,15.740,15.130,0.530,6115206.000,15.760,15.120
0.450,71.690,71.550,0.320,1786481.000,72.790,71.110
0.090,53.120,52.920,0.050,1258935.000,53.700,52.920
-1.050,94.080,94.700,-1.000,2958901.000,95.090,93.810
-0.920,23.600,23.610,-0.220,816722.000,24.200,23.190
-1.840,12.780,12.940,-0.240,1069831.000,13.130,12.760
0.050,37.660,37.590,0.020,34123.000,38.000,37.590
-1.230,9.600,9.640,-0.120,1009723.000,9.900,9.590
0.600,1.680,1.650,0.010,1909473.000,1.700,1.650
-2.330,123.970,126.580,-2.960,1240938.000,126.840,123.250
0.020,50.360,50.370,0.010,2118715.000,50.440,50.350
2.010,9.130,8.940,0.180,30003.000,9.350,8.940
0.710,297.590,293.210,2.090,392332.000,299.600,293.100
2.690,12.580,12.180,0.330,57392.000,12.730,12.180
0.000,34.620,34.450,0.000,36825.000,34.770,34.020
0.760,63.800,63.230,0.480,291781.000,64.500,63.200
-0.010,92.500,91.910,-0.010,149599.000,93.730,91.840
-0.760,10.440,10.480,-0.080,2824572.000,10.660,10.420
-1.320,4.470,4.560,-0.060,93456.000,4.560,4.450
0.560,28.530,28.300,0.160,406149.000,28.740,28.270
-0.230,55.240,55.290,-0.130,21370.000,55.690,54.620
0.060,52.310,52.380,0.030,1442962.000,52.990,51.820
-0.190,62.910,62.810,-0.120,47262.000,63.490,62.580
0.340,58.740,58.500,0.200,1812516.000,59.720,58.500
-3.670,31.250,31.330,-1.190,26184256.000,31.800,30.610
0.830,6.060,6.000,0.050,65445.000,6.110,6.000
-1.470,22.060,22.350,-0.330,707545.000,22.480,22.050
0.310,16.400,16.330,0.050,281142.000,16.840,16.290
-1.510,22.200,22.440,-0.340,4571911.000,22.600,22.200
-0.740,29.630,29.760,-0.220,69551.000,30.180,29.540
-0.880,7.920,7.970,-0.070,85094.000,8.080,7.830
0.550,43.800,43.300,0.240,131691.000,44.410,43.190
-2.320,41.310,41.380,-0.980,7957032.000,42.730,40.600
0.440,22.710,22.610,0.100,611857.000,22.910,22.550
-0.690,16.595,16.660,-0.115,7059935.000,16.800,16.460
0.200,73.440,73.310,0.150,274278.000,73.990,72.960
-0.060,17.040,17.040,-0.010,23516.000,17.400,16.990
-0.500,51.410,51.250,-0.260,68910.000,52.830,51.080
-14.650,20.450,20.260,-3.510,1307413.000,20.890,19.500
-3.510,43.410,44.690,-1.580,243600.000,44.730,43.400
-0.470,38.310,38.610,-0.180,645449.000,38.740,38.280
-0.260,3.780,3.760,-0.010,123334.000,3.850,3.760
0.010,81.910,81.510,0.010,20911077.000,83.010,81.500
-1.970,22.400,22.690,-0.450,345809.000,22.690,22.220
0.280,24.880,24.780,0.070,1232656.000,25.100,24.721
-0.540,40.620,40.640,-0.220,39006.000,41.250,40.490
0.100,38.140,38.200,0.040,90791.000,39.440,37.881
-1.350,18.950,19.050,-0.260,332573.000,19.110,18.740
0.800,13.790,13.630,0.110,4581488.000,13.975,13.500
-0.740,52.420,52.940,-0.390,5797923.000,53.360,52.380
-0.660,4.490,4.510,-0.030,127282.000,4.560,4.420
2.350,3.480,3.390,0.080,278644.000,3.550,3.211
-1.690,56.570,57.540,-0.970,537166.000,57.700,56.570
-3.110,25.230,26.000,-0.810,463349.000,26.000,25.100
-0.100,20.610,20.540,-0.020,275737.000,20.750,20.480
0.420,30.940,30.840,0.130,3526032.000,31.190,30.521
0.080,24.760,24.700,0.020,204540.000,25.010,24.700
-0.970,101.290,102.320,-0.990,2086065.000,102.390,101.130
-1.280,53.990,54.290,-0.700,71877.000,55.400,53.860
-1.280,6.555,6.590,-0.085,263799.000,6.780,6.500
-4.510,37.230,39.030,-1.760,3747077.000,39.190,37.140
0.660,78.860,78.600,0.520,120253.000,79.829,78.600
-0.340,26.540,26.550,-0.090,46714274.000,26.790,26.340
-12.140,32.930,33.620,-4.550,16448924.000,33.820,32.170
-0.710,56.150,56.330,-0.400,467207.000,56.900,55.830
-2.330,37.280,37.930,-0.890,2030592.000,37.940,37.020
-0.360,84.980,85.080,-0.310,164063.000,85.530,84.610
-2.250,22.110,22.540,-0.510,10919.000,22.640,22.110
-0.700,95.880,97.110,-0.680,4192223.000,97.220,95.800
-1.620,7.290,7.410,-0.120,11116104.000,7.460,7.270
-2.800,1.040,1.040,-0.030,180196.000,1.060,1.030
-0.660,73.250,73.500,-0.490,3836744.000,74.070,73.170
0.570,1.770,1.780,0.010,353736.000,1.820,1.720
-0.430,9.250,9.280,-0.040,157005.000,9.460,9.250
4.110,7.101,6.780,0.281,119985.000,7.160,6.750
0.160,30.810,30.650,0.050,594530.000,31.120,30.480
-0.760,95.180,95.500,-0.730,351456.000,96.040,95.050
0.050,19.810,19.850,0.010,273104.000,20.000,19.760
2.100,23.810,23.320,0.490,1673374.000,23.940,23.290
1.090,13.890,13.740,0.150,213669.000,14.000,13.740
-2.230,38.080,38.360,-0.870,61564.000,38.600,37.471
2.370,9.940,9.640,0.230,176688.000,10.000,9.450
-1.180,13.400,13.400,-0.160,328.000,13.400,13.400
-0.220,13.700,13.600,-0.030,95604.000,13.870,13.600
-1.810,39.070,39.480,-0.720,43597481.000,40.020,39.020
-0.860,100.840,101.400,-0.870,469660.000,103.090,100.630
-0.120,8.470,8.490,-0.010,61555.000,8.610,8.440
0.860,32.860,32.470,0.280,338006.000,33.010,32.470
1.330,6.860,6.690,0.090,377280.000,7.100,6.690
-1.850,42.930,43.670,-0.810,1073255.000,43.840,42.810
1.140,46.230,45.710,0.520,3576799.000,46.780,45.710
-3.360,1.150,1.180,-0.040,703070.000,1.190,1.150
1.820,49.300,48.380,0.880,96049.000,50.100,48.110
-1.920,50.590,51.500,-0.990,1299191.000,51.730,50.455
0.440,41.200,40.910,0.180,67926.000,41.840,40.770
3.570,1.160,1.120,0.040,109461.000,1.180,1.115
0.170,8.745,8.770,0.015,174710.000,9.020,8.650
-1.020,36.820,37.200,-0.380,149617.000,37.390,36.760
-2.670,10.570,10.860,-0.290,52673.000,11.090,10.460
-0.060,15.550,15.490,-0.010,2245357.000,15.920,15.410
-0.840,15.350,15.970,-0.130,136393974.000,16.040,15.200
-0.900,7.690,7.700,-0.070,1242196.000,7.830,7.630
-0.560,16.070,16.120,-0.090,329799.000,16.440,15.990
-1.150,303.910,308.170,-3.550,1383794.000,309.500,303.730
-1.230,5.640,5.710,-0.070,828262.000,5.870,5.640
0.180,50.540,50.520,0.090,2627921.000,51.180,50.480
-5.850,7.890,8.240,-0.490,113956.000,8.530,7.890
0.000,2.400,2.390,0.000,290885.000,2.450,2.350
-0.070,27.790,27.670,-0.020,315521.000,27.930,27.520
-0.260,73.600,73.410,-0.190,1487048.000,74.300,73.403
-0.650,18.470,18.330,-0.120,119018.000,18.900,18.250
0.250,31.700,31.580,0.080,221182.000,32.050,31.510
0.330,66.930,66.370,0.220,288852.000,67.690,66.360
-1.760,24.030,24.570,-0.430,2130.000,24.570,23.610
-0.100,30.770,30.690,-0.030,19149826.000,31.140,30.690
0.120,25.590,25.470,0.030,611441.000,26.026,25.450
-0.900,24.170,24.400,-0.220,5013854.000,24.570,24.130
-0.610,55.790,56.120,-0.340,594027.000,56.860,55.690
-1.330,0.740,0.740,-0.010,368816.000,0.790,0.740
-0.180,39.150,39.340,-0.070,11183918.000,39.520,39.030
1.510,16.120,15.810,0.240,3419549.000,16.230,15.740
-0.510,174.100,174.930,-0.890,4526108.000,175.370,173.890
0.470,14.820,14.790,0.070,9775.000,15.010,14.790
-4.520,36.940,38.420,-1.750,421258.000,38.420,36.880
-0.330,9.100,9.110,-0.030,1329653.000,9.281,9.050
0.760,46.310,46.080,0.350,243475.000,46.730,45.790
0.180,39.320,39.080,0.070,266398.000,39.500,39.080
-1.470,77.910,79.000,-1.160,1470226.000,79.050,77.430
-1.780,18.230,18.450,-0.330,289589.000,18.680,18.070
-0.150,33.120,33.020,-0.050,170956.000,33.520,33.010
-0.700,65.310,65.710,-0.460,74215.000,65.710,65.180
-0.470,42.010,42.140,-0.200,107440.000,42.300,41.850
-0.400,67.830,67.970,-0.270,6025733.000,68.440,67.730
-0.700,42.440,42.800,-0.300,5097.000,43.450,42.380
-1.070,16.630,16.750,-0.180,341264.000,16.820,16.620
-0.510,52.220,52.240,-0.270,9039571.000,53.000,51.910
-0.990,19.960,19.970,-0.200,84440.000,20.480,19.860
2.160,3.790,3.710,0.080,74188.000,3.820,3.620
-1.620,10.350,10.520,-0.170,239146.000,10.550,10.150
0.150,20.230,20.210,0.030,435308.000,20.620,20.200
0.360,24.960,24.750,0.090,8422020.000,25.240,24.750
-0.190,15.700,15.540,-0.030,121997.000,15.990,15.520
-0.640,68.660,68.780,-0.440,602695.000,69.550,68.400
0.060,17.910,17.870,0.010,66223.000,18.150,17.830
-1.480,22.030,22.220,-0.330,1158876.000,22.520,22.000
-0.320,40.250,40.420,-0.130,612399.000,40.660,40.050
-1.320,43.960,44.270,-0.590,449960.000,44.700,43.750
2.560,20.470,19.820,0.510,80325.000,20.670,19.820
-0.100,80.500,80.000,-0.080,1250949.000,81.250,80.000
-0.300,26.580,26.580,-0.080,107401.000,26.830,26.450
-0.290,17.470,17.430,-0.050,194523.000,17.630,17.370
-4.000,0.960,0.990,-0.040,1474759.000,1.000,0.940
0.280,43.370,43.890,0.120,5002690.000,44.560,43.320
0.100,48.090,47.910,0.050,1400862.000,48.420,47.884
-0.820,24.130,24.390,-0.200,4409865.000,24.600,24.130
-0.230,4.360,4.350,-0.010,829916.000,4.480,4.200
-0.180,16.960,16.980,-0.030,380161.000,17.160,16.770
0.780,41.440,40.890,0.320,228361.000,41.760,40.890
-0.040,22.590,22.570,-0.010,318974.000,23.050,22.396
0.040,80.710,80.890,0.030,1680896.000,81.760,80.650
-0.850,36.210,36.240,-0.310,228921.000,36.680,35.580
-1.160,10.240,10.260,-0.120,6669.000,10.450,10.240
-1.070,24.100,24.340,-0.260,16000.000,24.430,23.920
-0.510,1.960,1.970,-0.010,316913.000,1.980,1.950
1.530,28.480,28.130,0.430,15715516.000,28.990,28.090
-0.890,8.860,8.930,-0.080,205533.000,8.980,8.850
-0.950,2.620,2.630,-0.025,6213490.000,2.660,2.620
0.730,19.270,19.010,0.140,61803.000,19.510,19.000
0.000,1.800,1.840,0.000,13584.000,1.840,1.800
1.250,6.480,6.370,0.080,41126.000,6.630,6.360
-1.120,12.340,12.390,-0.140,311463.000,12.620,12.300
-2.200,81.650,82.890,-1.840,7584182.000,83.150,81.500
-0.080,91.330,91.470,-0.070,363244.000,91.792,91.040
-0.470,25.610,25.570,-0.120,1653454.000,26.180,25.540
-0.360,8.240,8.200,-0.030,2267349.000,8.315,8.160
0.360,92.890,92.000,0.330,630678.000,93.610,91.480
-0.960,18.530,18.590,-0.180,310443.000,18.941,18.440
-0.080,38.180,37.980,-0.030,597546.000,38.800,37.680
1.030,12.790,12.650,0.130,25016.000,12.810,12.510
-0.160,74.920,74.980,-0.120,15380.000,75.180,74.440
0.180,44.920,44.650,0.080,155609.000,45.760,44.650
1.110,24.520,24.070,0.270,302735.000,24.900,23.950
-0.320,62.780,62.950,-0.200,358691.000,63.294,62.520
-0.430,39.650,39.680,-0.170,2163462.000,40.130,39.600
0.600,43.590,43.030,0.260,165501.000,44.320,42.920
-0.770,19.400,19.470,-0.150,1581427.000,20.000,19.360
0.200,17.525,17.530,0.035,3676793.000,17.670,17.420
0.770,23.470,23.290,0.180,154724.000,23.760,23.180
0.570,26.300,26.190,0.150,10171.000,26.620,25.960
-0.300,9.980,9.990,-0.030,171111.000,10.120,9.960
-1.120,33.580,33.770,-0.380,344191.000,34.190,33.530
-1.300,28.020,28.340,-0.370,220385.000,28.892,27.901
0.530,21.040,20.830,0.110,753327.000,21.220,20.790
-0.210,14.420,14.400,-0.030,280663.000,14.820,14.270
0.340,17.830,17.730,0.060,42360.000,17.970,17.560
0.150,27.280,27.220,0.040,20257.000,27.840,26.790
0.390,54.170,53.780,0.210,105552.000,54.500,53.680
-0.230,38.610,38.780,-0.090,2394766.000,39.050,38.600
-0.380,39.310,39.600,-0.150,3493502.000,39.600,39.300
-0.580,41.400,41.550,-0.240,1553084.000,42.330,41.330
-0.490,49.060,49.170,-0.240,3522952.000,49.366,49.000
-0.100,39.390,39.240,-0.040,32588293.000,40.120,39.240
-2.970,34.670,35.290,-1.060,1199970.000,35.620,34.070
-0.310,35.400,35.430,-0.110,6884142.000,35.690,35.400
-0.260,3.910,3.900,-0.010,262818.000,4.030,3.866
-1.820,1.620,1.570,-0.030,267236.000,1.640,1.551
0.660,36.380,36.020,0.240,337855.000,36.730,35.920
1.270,7.190,7.020,0.090,118426.000,7.310,7.020
-1.340,14.690,14.820,-0.200,21614467.000,14.960,14.440
-5.120,89.760,93.400,-4.840,4331159.000,93.990,88.930
0.570,8.790,8.740,0.050,28305.000,8.980,8.700
-1.640,24.620,25.110,-0.410,21131141.000,25.210,24.620
1.530,3.320,3.250,0.050,167924.000,3.360,3.210
-2.560,17.540,18.010,-0.460,2192212.000,18.130,17.510
0.420,26.180,25.970,0.110,652783.000,26.510,25.920
0.290,96.830,96.570,0.280,58847.000,99.960,96.570
0.470,6.470,6.440,0.030,849132.000,6.670,6.430
-1.190,21.510,21.600,-0.260,169571.000,22.000,21.450
0.250,20.040,19.930,0.050,1799141.000,20.510,19.890
-0.730,4.100,4.130,-0.030,208808.000,4.190,4.100
-2.010,4.870,4.920,-0.100,136617.000,4.980,4.820
-2.400,7.310,7.390,-0.180,28251345.000,7.450,7.210
-1.260,15.710,15.790,-0.200,33407526.000,16.100,15.700
1.410,15.850,15.580,0.220,50612.000,15.980,15.580
-2.200,83.700,84.980,-1.880,1251133.000,85.660,83.470
0.060,36.330,36.110,0.020,252357.000,36.570,36.020
-0.100,40.450,40.690,-0.040,26540.000,40.700,40.400
0.590,30.570,30.300,0.180,7066186.000,30.910,29.950
1.800,10.200,10.020,0.180,24053.000,10.330,10.000
1.280,386.910,380.920,4.880,7842.000,395.010,380.920
0.590,13.570,13.430,0.080,2629393.000,13.950,13.410
0.560,70.110,69.400,0.390,362511.000,70.630,69.400
-0.630,7.950,7.970,-0.050,8371430.000,8.010,7.910
-2.450,19.480,19.980,-0.490,63451.000,20.140,19.440
0.810,20.000,19.770,0.160,433111.000,20.300,19.770
0.600,62.550,61.950,0.370,240891.000,62.760,61.950
-0.220,32.180,31.630,-0.070,1131079.000,32.740,30.720
-1.440,6.170,6.210,-0.090,212562.000,6.350,6.100
-1.410,41.180,41.600,-0.590,5571337.000,41.730,40.520
-0.410,55.210,55.220,-0.230,3383673.000,55.670,55.070
0.540,68.780,68.400,0.370,1199732.000,69.180,68.180
-0.030,102.870,102.870,-0.030,81430.000,104.230,102.380
-0.270,29.710,29.620,-0.080,88163.000,30.070,29.440
0.280,10.580,10.510,0.030,560856.000,10.800,10.470
4.060,49.710,47.910,1.940,3138278.000,49.770,47.910
-2.040,28.340,28.890,-0.590,2728654.000,28.900,28.330
0.380,100.930,100.490,0.380,295416.000,101.420,99.860
-1.980,32.260,33.250,-0.650,13926133.000,33.490,32.130
-0.620,211.230,214.640,-1.320,3955542.000,215.650,211.120
0.420,50.600,50.530,0.210,1608981.000,51.320,50.510
-4.390,31.180,32.230,-1.430,4145064.000,32.250,31.120
-0.810,20.740,20.940,-0.170,33205.000,21.050,20.260
-1.350,10.210,10.270,-0.140,141812656.000,10.400,10.200
-0.050,43.290,43.260,-0.020,142982.000,43.500,42.820
1.410,38.840,38.110,0.540,75079.000,39.140,38.110
0.460,10.830,10.740,0.050,108146.000,10.950,10.690
0.180,291.270,291.930,0.530,5180564.000,296.290,286.800
1.460,54.080,53.100,0.780,18318162.000,55.080,53.050
-0.350,34.590,34.610,-0.120,80655.000,35.140,34.510
-1.150,61.170,61.900,-0.710,1949890.000,62.200,60.920
-1.020,7.780,7.850,-0.080,579064.000,7.900,7.770
-1.640,25.240,25.500,-0.420,375280.000,25.680,25.220
-1.470,19.460,19.650,-0.290,8341716.000,19.810,19.420
-0.170,35.050,34.990,-0.060,54474.000,35.270,34.930
1.340,19.700,19.380,0.260,486433.000,19.800,19.301
-0.810,11.030,10.970,-0.090,609455.000,11.160,10.970
1.040,8.780,8.640,0.090,1387886.000,8.970,8.640
0.000,16.720,16.700,0.000,658115.000,17.090,16.650
1.920,6.370,6.210,0.120,1531090.000,6.440,6.180
0.370,35.220,34.970,0.130,2018022.000,35.470,34.940
0.420,66.990,66.290,0.280,977032.000,67.880,66.000
1.580,15.410,15.060,0.240,874802.000,15.740,15.060
-1.170,33.040,33.330,-0.390,887674.000,33.540,32.900
0.670,9.060,8.940,0.060,418365.000,9.210,8.940
-0.330,12.140,12.090,-0.040,361746.000,12.330,12.060
-0.200,5.040,5.030,-0.010,789530.000,5.170,4.990
-0.050,41.150,41.010,-0.020,698049.000,41.430,40.820
1.010,31.980,31.680,0.320,1802648.000,32.430,31.590
-0.680,16.000,16.130,-0.110,73436.000,16.220,16.000
-4.080,17.870,18.420,-0.760,298706.000,18.420,17.760
0.390,41.150,40.830,0.160,196646.000,41.600,40.800
-1.380,64.090,65.240,-0.900,1529051.000,65.690,64.060
1.010,17.050,16.860,0.170,246877.000,17.390,16.860
-1.110,25.900,26.030,-0.290,7579805.000,26.125,25.890
0.280,10.570,10.510,0.030,426896.000,10.750,10.510
3.760,1.380,1.340,0.050,792487.000,1.410,1.300
0.710,72.520,71.580,0.510,491453.000,73.220,71.510
-2.020,16.960,17.180,-0.350,3378843.000,17.190,16.830
-0.560,49.840,49.850,-0.280,137392.000,50.420,49.560
-0.910,11.960,12.070,-0.110,117413.000,12.080,11.880
0.230,142.260,141.870,0.320,219272.000,144.770,141.570
-0.370,89.460,89.290,-0.330,67157.000,89.950,88.160
-1.030,72.980,73.520,-0.760,1504833.000,73.880,72.900
0.380,45.210,44.840,0.170,3787297.000,45.530,44.580
0.790,24.200,24.070,0.190,1524859.000,24.260,23.820
-0.350,20.110,20.090,-0.070,134401.000,20.340,19.920
-2.670,42.700,43.430,-1.170,1741910.000,43.730,42.500
-0.510,17.660,17.730,-0.090,1649951.000,17.901,17.620
-2.620,12.640,12.880,-0.340,27821896.000,12.880,12.520
-1.760,23.480,23.830,-0.420,4670504.000,24.030,23.470
-0.440,22.860,22.970,-0.100,39510.000,23.210,22.780
-0.870,26.300,26.480,-0.230,841263.000,26.530,26.270
-0.950,10.470,10.530,-0.100,630766.000,10.760,10.450
0.180,16.840,16.770,0.030,927697.000,16.940,16.745
0.660,38.370,38.040,0.250,97434.000,38.780,38.040
-0.900,37.370,37.510,-0.340,165148.000,37.750,37.300
-3.660,33.670,34.780,-1.280,2255728.000,34.899,33.670
0.780,18.030,17.850,0.140,319005.000,18.210,17.850
-2.030,30.350,30.800,-0.630,5496766.000,30.800,30.230
-0.420,4.710,4.750,-0.020,55347.000,4.780,4.700
0.240,21.020,20.860,0.050,272933.000,21.210,20.800
-1.560,29.640,30.000,-0.470,182097.000,30.590,29.570
-0.280,28.700,28.560,-0.080,13426.000,29.520,28.560
-0.950,28.050,28.280,-0.270,337567.000,28.550,28.010
-1.210,67.810,68.500,-0.830,643438.000,69.220,67.670
-4.510,2.330,2.390,-0.110,1097192.000,2.500,2.270
-0.940,17.890,18.010,-0.170,341247.000,18.120,17.890
-0.160,30.910,31.050,-0.050,2633201.000,31.190,30.850
-0.090,33.170,33.090,-0.030,144650.000,33.460,32.980
-0.880,82.060,82.710,-0.730,170020.000,82.840,81.820
-0.580,19.815,19.800,-0.115,388163.000,20.070,19.650
-1.480,35.400,35.780,-0.530,7130147.000,36.050,35.370
-1.160,15.320,15.430,-0.180,3082239.000,15.550,15.280
-0.500,38.130,38.230,-0.190,147300.000,38.540,38.050
0.310,65.490,66.000,0.200,1510.000,67.400,65.490
0.620,21.160,20.930,0.130,509925.000,21.580,20.920
-1.010,17.720,17.810,-0.180,234250.000,17.860,17.720
0.580,65.500,64.960,0.380,857519.000,66.610,64.700
0.730,53.460,53.000,0.390,23765.000,53.870,52.562
-0.040,73.710,73.920,-0.030,612961.000,74.540,73.500
-0.420,25.820,25.800,-0.110,1394104.000,26.070,25.770
0.550,45.990,45.630,0.250,82297.000,46.650,45.630
-0.270,107.860,106.850,-0.290,156879.000,108.340,106.780
-0.580,5.160,5.180,-0.030,79056.000,5.250,5.080
-1.200,11.550,11.600,-0.140,47811.000,11.725,11.530
0.640,6.300,6.250,0.040,439836.000,6.410,6.220
-1.870,21.570,21.840,-0.410,41819.000,21.860,21.480
0.820,6.130,6.090,0.050,13865.000,6.220,6.040
1.140,18.630,18.340,0.210,2755130.000,18.780,18.340
-1.280,0.770,0.781,-0.010,704815.000,0.797,0.761
0.040,156.870,157.190,0.060,1734882.000,159.500,156.320
-5.620,61.440,61.770,-3.660,4676409.000,62.720,60.900
-9.310,9.695,10.570,-0.995,3412042.000,10.590,9.610
0.000,12.360,12.310,0.000,310425.000,12.610,12.200
-0.790,12.590,12.610,-0.100,68924.000,12.860,12.570
-0.280,66.660,66.680,-0.190,62299.000,67.610,66.320
0.260,43.010,42.880,0.110,1699210.000,43.350,42.820
-0.230,93.760,93.440,-0.220,46923.000,94.700,92.810
0.360,22.180,21.930,0.080,58201.000,22.550,21.900
-1.200,20.550,20.660,-0.250,594812.000,20.860,20.480
-2.170,7.210,7.350,-0.160,192855.000,7.390,7.210
-0.380,20.700,20.710,-0.080,427333.000,20.969,20.660
0.200,70.980,70.530,0.140,496044.000,71.690,70.430
-0.940,16.780,16.850,-0.160,171253.000,17.100,16.720
1.120,37.010,36.600,0.410,745074.000,37.170,36.600
-0.430,39.570,39.790,-0.170,5865117.000,40.280,39.530
0.270,102.030,101.250,0.270,3478844.000,103.940,100.950
-1.150,18.840,18.930,-0.220,3785940.000,19.200,18.750
-0.780,1.270,1.280,-0.010,7901727.000,1.325,1.260
-2.160,5.900,6.020,-0.130,67552.000,6.020,5.770
-0.710,81.550,81.940,-0.580,500851.000,82.000,81.150
-0.130,35.635,35.740,-0.045,10948577.000,36.030,35.580
-2.430,138.940,141.720,-3.460,8712999.000,142.300,137.700
-0.490,28.340,28.270,-0.140,2757861.000,28.605,28.270
-1.590,62.660,63.600,-1.010,1121922.000,63.920,62.640
-2.650,29.770,30.320,-0.810,203470.000,30.734,29.650
-0.940,0.210,0.219,-0.002,203315.000,0.219,0.200
0.270,56.540,55.970,0.150,83018.000,56.970,55.970
1.050,20.200,19.920,0.210,16135.000,20.470,19.920
-0.700,81.390,81.680,-0.570,5923425.000,82.280,80.870
-3.670,6.830,7.040,-0.260,6996057.000,7.040,6.800
0.530,36.320,36.070,0.190,133802.000,37.020,36.020
0.210,74.900,74.670,0.160,51458.000,75.860,74.250
0.070,13.450,13.400,0.010,74201.000,13.570,13.390
-3.560,76.370,79.410,-2.820,2953403.000,79.740,75.830
0.900,32.680,32.280,0.290,337651.000,32.990,32.200
-0.970,24.620,24.780,-0.240,913808.000,25.190,24.530
-4.040,8.790,9.120,-0.370,158667.000,9.240,8.760
-2.710,37.760,38.290,-1.050,693934.000,38.620,37.500
-0.200,20.000,20.010,-0.040,41014426.000,20.200,19.970
-0.610,40.750,40.670,-0.250,92573.000,41.120,40.650
-0.140,44.130,44.180,-0.060,4640564.000,44.180,44.110
0.000,36.810,36.960,0.000,1104977.000,37.460,36.760
-0.430,6.970,7.000,-0.030,690473.000,7.200,6.900
-0.240,12.330,12.230,-0.030,8014314.000,12.380,12.090
-0.400,15.120,15.160,-0.060,497497.000,15.410,15.080
-0.800,11.170,11.190,-0.090,374275.000,11.370,11.110
-1.810,21.700,22.040,-0.400,157774.000,22.240,21.670
-0.190,78.820,79.180,-0.150,1284944.000,79.640,78.600
0.230,26.590,26.460,0.060,286201.000,26.760,26.350
-0.600,16.550,16.560,-0.100,16520860.000,16.800,16.400
0.520,24.910,24.730,0.130,142465.000,25.170,24.730
0.690,78.520,78.140,0.540,189308.000,78.980,78.140
1.120,43.340,42.860,0.480,4615872.000,43.880,42.770
-0.560,16.120,16.160,-0.090,122938.000,16.370,16.020
1.620,3.130,3.100,0.050,760832.000,3.180,3.080
0.190,5.230,5.170,0.010,253667.000,5.290,5.150
0.230,39.010,38.900,0.090,2077276.000,39.250,38.870
-1.990,24.100,24.480,-0.490,101027.000,24.850,24.070
0.420,24.140,23.980,0.100,77671.000,24.300,23.730
0.360,64.890,64.680,0.230,1839427.000,66.180,64.660
0.670,31.330,30.860,0.210,478409.000,31.890,30.860
0.700,24.310,24.150,0.170,20329.000,24.930,24.000
0.560,26.960,26.720,0.150,895873.000,27.090,26.710
1.550,11.120,10.900,0.170,43830.000,11.260,10.830
0.110,9.180,9.180,0.010,1763097.000,9.190,9.160
-0.480,16.710,16.790,-0.080,3996603.000,16.950,16.680
0.360,24.940,24.720,0.090,4984559.000,25.350,24.720
0.880,32.090,31.640,0.280,6352700.000,32.690,31.240
2.670,5.760,5.740,0.150,4656.000,6.100,5.230
-1.120,51.970,52.470,-0.590,5270248.000,52.700,51.785
0.340,47.260,46.850,0.160,178584.000,47.860,46.850
-1.260,28.210,28.430,-0.360,52626.000,28.684,28.110
-1.910,47.740,48.500,-0.930,310052.000,48.750,47.700
0.000,56.900,57.150,0.000,3868769.000,57.290,56.840
1.360,20.870,20.500,0.280,954880.000,20.955,20.420
-1.740,1.130,1.150,-0.020,339856.000,1.170,1.120
0.840,25.150,24.960,0.210,8262.000,25.390,24.880
1.280,31.700,31.500,0.400,2648217.000,31.930,31.350
0.180,33.380,33.250,0.060,251443.000,33.520,33.150
-3.810,10.100,10.350,-0.400,335182.000,10.450,10.070
0.070,130.210,129.520,0.090,326377.000,131.110,129.520
-2.060,14.730,14.980,-0.310,188376.000,15.000,14.720
0.060,86.970,86.710,0.050,420839.000,87.690,86.671
-0.060,35.270,35.160,-0.020,14795985.000,35.710,35.100
0.860,46.890,46.270,0.400,1426226.000,47.210,46.270
0.170,5.910,5.890,0.010,202166.000,6.000,5.820
-1.310,357.080,363.440,-4.750,398903.000,366.380,356.540
-1.630,73.540,73.380,-1.220,3072845.000,74.080,72.690
-2.390,16.310,16.640,-0.400,251414.000,16.640,16.200
0.720,30.730,30.440,0.220,691331.000,30.990,30.440
-1.290,49.920,50.390,-0.650,819789.000,50.620,49.800
-1.360,4.350,4.540,-0.060,172945.000,4.590,4.160
-0.200,80.270,80.130,-0.160,333671.000,80.950,79.970
-1.240,43.110,43.070,-0.540,696594.000,44.330,43.040
-1.130,4.380,4.420,-0.050,174271.000,4.489,4.350
1.160,8.740,8.640,0.100,38582.000,8.830,8.640
-0.570,19.230,19.320,-0.110,57083.000,19.630,18.651
-0.720,34.280,34.370,-0.250,597921.000,34.700,34.190
-3.790,34.310,35.610,-1.350,7922353.000,35.620,33.720
1.080,33.830,33.320,0.360,208044.000,34.290,33.320
1.100,51.270,50.660,0.560,1666900.000,51.740,50.660
-0.670,94.410,94.850,-0.640,480506.000,95.370,93.900
-0.130,63.320,63.600,-0.080,1538901.000,64.390,63.190
-1.030,2.890,2.910,-0.030,210402.000,2.950,2.860
-0.790,41.640,41.720,-0.330,3015808.000,41.920,41.420
0.700,33.240,33.030,0.230,20738.000,33.650,33.000
-0.670,26.860,26.950,-0.180,187728.000,27.180,26.300
0.250,52.400,52.920,0.130,6048547.000,53.360,52.380
0.640,23.530,23.350,0.150,5843059.000,23.800,23.200
2.270,51.410,50.150,1.140,1689297.000,51.830,50.050
2.590,9.100,8.880,0.230,198499.000,9.280,8.770
0.650,40.430,40.080,0.260,39126.000,41.180,39.880
-1.260,14.860,15.010,-0.190,22323446.000,15.180,14.850
0.300,57.020,56.600,0.170,517700.000,57.349,56.220
1.070,12.270,12.080,0.130,327841.000,12.550,12.070
-0.590,94.740,94.710,-0.560,1823284.000,95.540,94.640
-4.320,14.400,14.980,-0.650,151924.000,14.990,14.300
-1.010,4.900,4.890,-0.050,87517.000,5.000,4.890
-0.500,55.230,55.360,-0.280,3519089.000,55.750,55.175
0.300,19.780,19.650,0.060,715428.000,20.010,19.580
-0.470,46.540,46.610,-0.220,564769.000,47.040,46.110
-1.490,528.570,534.580,-7.980,1137708.000,535.489,526.200
0.600,87.520,87.130,0.520,438007.000,88.128,87.130
-0.510,46.590,46.680,-0.240,69250.000,47.190,46.290
-0.550,37.880,37.880,-0.210,52316.000,38.750,37.700
-0.360,13.880,14.040,-0.050,2744841.000,14.120,13.800
0.000,80.090,80.070,0.000,1774973.000,80.220,80.070
0.080,50.410,50.480,0.040,1674012.000,50.720,50.040
0.240,8.460,8.440,0.020,3106884.000,8.520,8.430
-0.580,41.340,41.370,-0.240,87904.000,41.760,41.200
-2.950,56.520,58.260,-1.720,23044956.000,58.590,56.210
1.270,55.660,54.600,0.700,3134693.000,56.750,54.580
