0.690,11.670,11.650,0.080,121841.000,11.750,11.570
-0.050,21.000,21.140,-0.010,211109.000,21.140,20.790
0.840,13.250,13.250,0.110,156591.000,13.410,13.060
0.300,65.980,66.150,0.200,185469.000,66.650,65.500
1.130,6.240,6.230,0.070,384510.000,6.330,6.150
-2.260,31.570,32.410,-0.730,2547491.000,32.440,31.420
1.280,51.510,51.360,0.650,444704.000,52.290,51.150
0.590,23.850,23.780,0.140,2939093.000,24.140,23.660
0.060,34.500,34.900,0.020,3059902.000,35.100,34.320
1.480,19.830,19.800,0.290,2461333.000,20.410,19.660
3.140,50.280,49.210,1.530,5786.000,50.470,49.210
-0.160,57.200,57.470,-0.090,1639941.000,57.650,57.130
-0.290,37.520,37.810,-0.110,3494486.000,37.840,37.430
0.500,17.930,17.870,0.090,75544.000,18.020,17.720
1.990,21.010,20.730,0.410,20392.000,21.010,20.730
1.240,18.720,18.510,0.230,127299.000,19.060,18.510
5.070,39.200,37.910,1.890,948351.000,40.300,37.910
0.060,15.920,15.970,0.010,233578.000,16.150,15.830
2.820,3.280,3.220,0.090,1074333.000,3.320,3.190
0.190,53.030,53.070,0.100,936299.000,54.160,52.910
0.450,11.150,11.190,0.050,117554.000,11.200,11.100
-0.220,4.470,4.530,-0.010,76403.000,4.600,4.390
0.330,72.170,72.560,0.240,4449985.000,73.250,71.860
-0.440,15.820,15.930,-0.070,61945.000,16.045,15.720
1.160,11.320,11.290,0.130,17579.000,11.340,10.980
-1.230,23.370,23.650,-0.290,24320.000,23.950,23.000
2.550,15.680,15.360,0.390,282021.000,15.900,15.220
1.330,37.290,36.950,0.490,64071.000,37.600,36.860
-0.260,11.580,11.640,-0.030,3376713.000,11.820,11.550
0.710,18.510,18.530,0.130,56472359.000,18.830,18.500
-1.050,13.170,13.360,-0.140,225694.000,13.470,13.130
2.900,5.670,5.520,0.160,509132.000,5.710,5.510
0.650,17.000,16.990,0.110,209614.000,17.170,16.900
2.480,54.060,53.160,1.310,1628925.000,54.270,53.050
2.830,10.180,9.830,0.280,1106307.000,10.220,9.830
-1.370,52.000,52.810,-0.720,877892.000,52.930,51.850
0.760,31.990,31.780,0.240,233983.000,32.480,31.710
0.840,14.460,14.490,0.120,1692841.000,14.650,14.280
-3.110,43.660,45.410,-1.400,7685212.000,45.420,43.390
0.900,67.630,67.390,0.600,8983630.000,67.980,67.210
1.390,9.460,9.390,0.130,400024.000,9.680,9.360
0.810,5.000,5.000,0.040,127934.000,5.040,4.900
-0.210,86.760,87.080,-0.180,252151.000,87.370,86.730
-0.080,85.240,85.160,-0.070,104285.000,85.410,85.160
-0.770,68.660,69.410,-0.530,312571.000,69.870,68.500
-0.400,17.310,17.470,-0.070,1990787.000,17.510,17.280
-0.590,37.080,37.500,-0.220,168530.000,37.830,37.000
1.820,15.130,15.000,0.270,68970.000,15.160,14.710
-0.480,31.030,31.410,-0.150,7678504.000,31.740,30.680
-0.390,66.840,67.450,-0.260,4535257.000,67.530,66.610
0.550,52.940,52.960,0.290,2526994.000,53.300,52.770
0.350,8.610,8.640,0.030,81826.000,8.890,8.500
-0.420,25.850,26.080,-0.110,168683.000,26.250,25.820
-0.960,7.220,7.360,-0.070,1569885.000,7.450,7.210
1.540,8.570,8.470,0.130,31837.000,8.690,8.450
2.460,5.000,4.920,0.120,1564702.000,5.030,4.870
0.910,13.370,13.300,0.120,1527504.000,13.430,13.270
0.990,12.240,12.200,0.120,3186514.000,12.380,12.090
1.220,9.120,9.160,0.110,2100845.000,9.450,8.990
0.170,64.640,64.840,0.110,9055207.000,65.020,64.490
0.550,7.350,7.340,0.040,29992.000,7.390,7.300
-0.090,22.340,22.430,-0.020,1685852.000,22.580,22.270
0.680,78.300,78.190,0.530,1867084.000,79.400,78.130
1.160,9.610,9.650,0.110,1292121.000,9.960,9.560
-0.130,59.410,59.780,-0.080,232432.000,60.260,59.330
-1.600,80.430,81.860,-1.310,329110.000,82.070,80.410
3.400,2.740,2.700,0.090,37341.000,2.780,2.700
3.230,1.280,1.240,0.040,1041350.000,1.350,1.210
-0.480,33.400,33.690,-0.160,2288598.000,33.920,33.325
1.830,92.130,91.000,1.660,973014.000,93.700,90.860
0.910,12.170,12.180,0.110,531068.000,12.350,12.100
0.090,11.190,11.240,0.010,458119.000,11.300,11.160
0.430,62.560,62.570,0.270,555671.000,63.460,62.380
-0.420,87.080,87.940,-0.370,1037476.000,88.210,86.960
-0.400,36.940,37.160,-0.150,11368896.000,37.270,36.860
0.290,38.600,38.770,0.110,1749946.000,39.290,38.500
0.240,27.720,27.930,0.065,6220251.000,28.290,27.650
-1.630,4.830,4.950,-0.080,163455.000,4.970,4.810
0.140,41.610,41.730,0.060,4892142.000,42.160,41.500
0.210,19.270,19.330,0.040,7135209.000,19.590,19.230
-0.570,24.250,24.650,-0.140,71350.000,24.650,23.410
3.220,44.500,43.510,1.390,1310711.000,45.000,43.510
2.510,6.120,6.070,0.150,1054230.000,6.430,6.070
-0.330,48.910,49.330,-0.160,232275.000,49.630,48.820
1.160,94.870,94.770,1.090,2451860.000,97.240,94.580
-0.360,22.430,22.670,-0.080,3900883.000,22.810,22.390
1.290,13.780,13.660,0.175,9764197.000,13.960,13.650
0.500,30.420,30.420,0.150,491081.000,30.720,29.730
2.190,38.680,38.210,0.830,23913.000,38.710,37.240
2.030,41.660,41.220,0.830,394040.000,42.110,41.030
0.420,28.840,28.920,0.120,4412662.000,29.250,28.730
0.160,25.600,25.740,0.040,4861562.000,26.085,25.450
3.220,23.390,22.810,0.730,1194249.000,23.545,22.810
-2.350,32.460,33.520,-0.780,552867.000,33.520,32.170
1.010,6.980,6.940,0.070,917095.000,7.280,6.940
5.650,6.920,6.640,0.370,2255819.000,7.000,6.640
0.590,11.900,11.900,0.070,4836040.000,12.020,11.840
-2.750,9.550,9.900,-0.270,4914618.000,9.980,9.540
0.120,17.220,17.260,0.020,94656.000,17.850,17.120
2.490,107.350,105.800,2.610,15630.000,108.800,104.220
1.730,23.480,23.290,0.400,108207.000,23.690,23.130
4.220,1.730,1.690,0.070,74128.000,1.790,1.660
1.910,6.400,6.310,0.120,5148645.000,6.490,6.240
0.160,42.680,42.570,0.070,2665268.000,43.440,42.230
0.400,55.220,55.220,0.220,34159.000,55.690,54.980
0.580,33.130,33.180,0.190,867731.000,33.750,33.080
-0.140,7.370,7.400,-0.010,99229.000,7.540,7.320
-0.450,44.380,44.700,-0.200,476397.000,44.830,44.370
2.430,43.450,42.820,1.030,1351181.000,44.940,42.670
-1.250,3.170,3.240,-0.040,100853.000,3.240,3.050
0.000,17.470,17.610,0.000,507381.000,17.700,17.400
1.990,33.850,33.430,0.660,3372759.000,34.100,33.370
-0.610,14.720,14.850,-0.090,9283437.000,15.030,14.600
-0.540,12.810,12.930,-0.070,3422823.000,12.970,12.780
0.690,58.580,58.440,0.400,126295.000,58.740,58.120
0.400,53.120,53.220,0.210,1331101.000,53.690,52.990
-0.190,31.010,31.570,-0.060,1376894.000,31.850,30.950
-0.330,88.170,88.700,-0.290,3706885.000,89.340,87.990
1.300,10.920,10.810,0.140,23246.000,10.920,10.750
0.460,41.240,41.270,0.190,344517.000,41.920,41.090
3.280,11.340,11.050,0.360,1939274.000,11.360,11.050
-1.270,7.800,7.880,-0.100,11520.000,7.940,7.780
2.380,43.510,42.580,1.010,1557926.000,43.790,42.470
2.510,13.460,13.370,0.330,116998.000,13.720,13.280
-0.190,15.570,15.700,-0.030,47134825.000,15.850,15.500
-0.290,54.260,54.710,-0.160,248682.000,54.820,54.120
1.520,10.030,10.020,0.150,1957063.000,10.225,9.950
2.100,112.720,111.780,2.320,1659335.000,115.080,111.780
1.050,8.700,8.790,0.090,15208008.000,8.820,8.620
2.480,14.850,14.790,0.360,27092200.000,15.070,14.740
-0.310,3.250,3.230,-0.010,266346.000,3.360,3.200
-0.730,1.360,1.370,-0.010,1932574.000,1.400,1.340
0.980,27.920,27.670,0.270,35375.000,28.160,27.460
0.810,19.920,19.870,0.160,2436364.000,20.500,19.840
0.400,53.260,53.300,0.210,768489.000,54.919,53.130
0.060,36.130,36.340,0.020,10508837.000,36.630,36.065
-0.160,83.630,83.910,-0.130,663851.000,84.630,83.500
0.910,49.840,49.490,0.450,64019.000,50.930,49.400
1.260,25.630,25.550,0.320,692263.000,25.800,25.440
-0.270,51.560,51.890,-0.140,450963.000,52.170,51.500
-0.330,53.910,54.280,-0.180,1639900.000,54.700,53.720
2.580,17.900,17.550,0.450,31937.000,17.950,17.550
0.240,17.020,17.030,0.040,57875.000,17.110,16.950
0.000,1.150,1.150,0.000,434346.000,1.180,1.130
-0.040,84.960,85.250,-0.030,6510347.000,85.760,84.810
0.000,12.320,12.400,0.000,453147.000,12.570,12.300
-0.020,55.850,55.890,-0.010,346254.000,57.010,55.510
0.150,54.020,54.070,0.080,10089193.000,54.270,53.840
-1.470,34.190,34.980,-0.510,70513.000,35.090,33.900
0.000,10.280,10.310,0.000,45066.000,10.470,10.100
-0.920,27.030,27.470,-0.250,3164777.000,27.500,26.940
-0.050,18.230,18.300,-0.010,1498796.000,18.470,18.210
-0.130,23.600,23.730,-0.030,937354.000,24.040,23.550
3.170,7.480,7.460,0.230,74110.000,7.540,7.430
0.730,9.600,9.560,0.070,147847.000,9.900,9.450
2.280,4.930,4.860,0.110,550497.000,5.000,4.820
1.230,29.660,29.490,0.360,274106.000,30.000,29.305
-0.030,32.660,32.790,-0.010,576733.000,33.130,32.590
-0.280,64.440,64.840,-0.180,248724.000,65.500,64.270
1.090,2.790,2.790,0.030,5668207.000,2.855,2.770
1.910,50.120,49.420,0.940,2015991.000,50.550,49.380
1.990,55.920,55.110,1.090,192544.000,56.250,53.490
-0.480,12.380,12.530,-0.060,337320.000,12.620,12.350
-0.160,18.720,18.860,-0.030,5041515.000,18.960,18.690
-0.180,55.780,56.150,-0.100,3395238.000,56.280,55.620
0.650,45.190,45.040,0.290,981956.000,46.100,45.010
0.660,39.760,39.690,0.260,1424856.000,40.050,39.580
0.190,37.740,37.950,0.070,693220.000,38.400,37.410
1.750,1.160,1.180,0.020,1520030.000,1.220,1.150
-0.070,71.100,71.330,-0.050,1777388.000,71.800,70.350
-0.080,76.440,76.730,-0.060,523366.000,77.030,76.290
-0.410,53.170,53.730,-0.220,5292206.000,53.910,52.830
0.640,11.070,11.050,0.070,363524.000,11.120,10.970
1.080,10.330,10.330,0.110,866906.000,10.490,10.270
0.940,20.500,20.450,0.190,114427.000,20.510,20.320
0.150,45.250,45.310,0.070,181347.000,45.950,45.090
0.280,32.690,32.860,0.090,36312657.000,33.290,32.590
0.820,75.260,75.710,0.610,292599.000,76.250,74.690
-0.720,21.970,22.270,-0.160,84598.000,22.530,21.750
0.950,50.110,50.000,0.470,167949.000,50.500,49.690
0.670,105.090,104.740,0.700,6633159.000,106.610,104.720
1.150,22.880,22.690,0.260,31637.000,23.140,22.610
1.760,31.290,30.910,0.540,7144.000,31.540,30.850
-2.030,8.670,8.910,-0.180,170236.000,8.940,8.570
0.100,30.200,30.200,0.030,114586.000,30.680,29.880
0.570,82.470,82.650,0.470,255093.000,83.700,82.220
-0.550,9.060,9.180,-0.050,299067.000,9.190,9.030
0.820,3.690,3.700,0.030,476120.000,3.800,3.680
0.110,103.470,104.340,0.110,602596.000,105.060,103.230
1.100,11.020,11.000,0.120,38830.000,11.040,10.810
1.570,56.440,56.100,0.870,1959187.000,57.670,56.100
-0.200,25.040,25.270,-0.050,272870.000,25.270,24.890
0.560,23.260,23.320,0.130,748841.000,23.650,23.080
-0.120,32.040,32.250,-0.040,480338.000,32.340,31.980
-1.050,23.530,23.880,-0.250,1417362.000,23.945,23.470
1.420,7.150,7.090,0.100,196270.000,7.300,7.040
1.030,23.450,23.350,0.240,5177474.000,23.540,23.110
0.240,58.470,58.490,0.140,2936270.000,59.050,58.300
0.440,52.760,52.790,0.230,1751220.000,53.330,52.600
2.530,32.770,32.260,0.810,627103.000,32.850,31.980
1.210,358.020,358.330,4.270,13846461.000,360.000,356.380
1.960,10.380,10.250,0.200,66839.000,10.440,10.180
0.730,44.030,43.800,0.320,850975.000,44.180,43.660
0.390,15.490,15.570,0.060,9440518.000,15.600,15.410
2.990,6.210,6.080,0.180,1456905.000,6.390,6.010
0.780,13.000,12.950,0.100,628018.000,13.100,12.810
0.900,62.600,62.350,0.560,2600571.000,63.050,61.970
1.210,105.310,104.730,1.260,1501843.000,106.200,104.050
0.110,79.600,79.990,0.090,621494.000,80.500,79.360
1.600,108.640,108.480,1.710,6776990.000,110.420,108.340
0.650,14.020,13.820,0.090,12814.000,14.025,13.820
0.580,32.770,32.730,0.190,408710.000,33.300,32.550
1.200,5.890,5.840,0.070,74725.000,5.980,5.835
-0.990,45.950,46.620,-0.460,311300.000,46.730,45.940
-0.460,64.340,65.000,-0.295,1061249.000,65.340,64.120
-0.190,26.270,26.420,-0.050,4222111.000,26.480,26.240
0.910,17.830,17.730,0.160,504192.000,17.930,17.560
0.520,59.440,59.640,0.310,2276609.000,59.930,59.270
1.250,53.280,52.960,0.660,841553.000,54.230,52.530
-0.220,53.690,54.030,-0.120,1735435.000,54.290,53.560
0.740,10.860,10.850,0.080,312374.000,10.980,10.790
2.520,17.460,17.220,0.430,60279.000,17.810,17.030
0.030,61.080,61.560,0.020,2038951.000,61.750,60.190
-0.800,49.860,50.490,-0.400,2515573.000,50.940,49.690
0.910,17.810,17.700,0.160,1171965.000,18.000,17.570
0.210,53.400,53.530,0.110,2475759.000,54.070,53.240
0.040,25.730,25.870,0.010,159459.000,26.410,25.550
1.520,6.020,5.950,0.090,42048.000,6.040,5.950
1.850,113.620,112.640,2.060,1399256.000,115.380,112.050
2.410,84.000,82.740,1.980,16071.000,84.840,82.740
-0.040,69.180,68.890,-0.030,1670186.000,69.470,68.510
-0.080,24.380,24.520,-0.020,349956.000,24.600,24.350
1.270,40.590,40.840,0.510,1174215.000,41.860,40.450
-0.240,83.970,84.520,-0.200,765161.000,85.400,83.730
0.750,24.070,23.970,0.180,80915.000,24.600,23.920
3.040,39.650,38.830,1.170,371907.000,39.900,38.740
2.110,33.420,32.940,0.690,937725.000,33.740,32.930
0.180,54.700,54.900,0.100,3912228.000,55.300,54.625
0.740,185.050,185.230,1.360,764718.000,187.000,184.500
0.190,57.460,57.800,0.110,1673573.000,58.030,57.280
0.090,89.930,90.430,0.080,1140295.000,90.930,89.716
0.210,9.360,9.440,0.020,22230.000,9.440,9.260
0.270,119.360,119.250,0.320,78862.000,120.650,119.240
-0.420,60.990,61.680,-0.260,488086.000,62.140,60.980
1.240,45.540,45.320,0.560,808432.000,46.470,45.280
-0.260,18.820,18.970,-0.050,999079.000,19.030,18.790
0.600,15.060,15.130,0.090,106964.000,15.220,14.870
0.200,186.740,186.870,0.380,26900.000,189.110,185.210
0.440,13.800,13.860,0.060,3908284.000,14.120,13.770
2.470,58.800,58.790,1.420,3178000.000,60.710,57.510
2.190,44.300,43.830,0.950,15979199.000,45.290,43.830
0.480,54.600,54.630,0.260,3982916.000,55.300,54.400
1.770,16.130,16.140,0.280,7272349.000,16.500,15.760
0.820,18.480,18.480,0.150,87009.000,18.810,18.370
2.620,16.480,16.210,0.420,32313.000,16.670,16.080
0.500,22.180,22.200,0.110,3055071.000,22.550,22.090
2.590,3.560,3.500,0.090,658122.000,3.680,3.459
1.090,7.430,7.390,0.080,1019248.000,7.515,7.310
-0.510,15.660,16.110,-0.080,8586430.000,16.370,15.600
2.060,73.170,72.310,1.480,2283177.000,74.460,72.140
-0.280,52.970,53.260,-0.150,1408011.000,53.850,52.930
0.180,94.250,94.740,0.170,2133097.000,95.590,93.990
5.510,24.900,23.950,1.300,1908352.000,25.670,23.820
0.160,12.800,12.890,0.020,899639.000,13.070,12.720
0.050,37.650,37.800,0.020,44073.000,38.000,37.490
1.670,9.760,9.670,0.160,996018.000,9.950,9.580
-5.360,1.590,1.670,-0.090,5079345.000,1.700,1.580
0.980,125.180,125.430,1.210,872926.000,127.010,123.550
-0.020,50.350,50.370,-0.010,2124209.000,50.450,50.350
1.750,9.290,9.190,0.160,34160.000,9.410,8.760
-0.220,296.940,298.480,-0.650,312832.000,300.400,296.020
0.320,12.620,12.670,0.040,73534.000,13.060,12.530
0.660,34.850,34.640,0.230,41372.000,35.180,33.610
-0.380,63.560,63.990,-0.240,498944.000,64.120,63.220
0.620,93.070,93.310,0.570,200121.000,94.470,92.730
0.480,10.490,10.520,0.050,2554756.000,10.725,10.450
0.220,4.480,4.550,0.010,89235.000,4.566,4.470
-0.560,28.370,28.620,-0.160,433684.000,28.830,28.340
0.800,55.680,55.720,0.440,46603.000,56.285,55.320
1.300,52.990,52.270,0.680,1155658.000,54.040,52.270
0.350,63.130,63.120,0.220,72659.000,63.680,62.847
0.270,58.900,59.130,0.160,1954591.000,60.390,58.650
-0.800,31.000,31.500,-0.250,12707336.000,31.590,30.840
2.480,6.210,6.090,0.150,78090.000,6.220,6.060
1.180,22.320,22.190,0.260,1033257.000,22.860,22.110
1.040,16.570,16.500,0.170,611837.000,16.900,16.460
2.160,22.680,22.330,0.480,5346733.000,22.960,22.300
-0.100,29.600,29.920,-0.030,83739.000,30.220,29.410
3.160,8.170,8.000,0.250,126429.000,8.250,8.000
2.150,44.740,44.170,0.940,293741.000,45.210,44.130
0.770,41.630,41.540,0.320,3595925.000,42.310,41.110
0.350,22.790,22.810,0.080,482161.000,22.970,22.700
1.420,16.830,16.750,0.235,5821835.000,16.955,16.660
0.600,73.880,73.680,0.440,426952.000,74.510,72.880
0.820,17.180,17.110,0.140,24388.000,17.290,17.040
3.560,53.240,51.880,1.830,77809.000,54.520,51.570
-2.150,20.010,20.490,-0.440,403601.000,20.680,20.000
-0.710,43.100,43.810,-0.310,172099.000,44.160,42.970
0.050,38.330,38.470,0.020,544457.000,38.870,38.270
0.530,3.800,3.820,0.020,193241.000,3.850,3.760
0.720,82.480,82.270,0.590,18867088.000,83.460,82.080
0.450,22.500,22.440,0.100,322521.000,23.000,22.310
0.040,24.890,24.960,0.010,1385996.000,25.170,24.790
1.770,41.340,40.970,0.720,71786.000,41.870,40.790
2.070,38.930,38.320,0.790,35069.000,39.300,38.320
2.480,19.420,19.090,0.470,211487.000,19.710,18.900
-0.220,13.760,13.810,-0.030,2324169.000,14.110,13.730
0.780,52.830,52.780,0.410,5679750.000,53.400,52.560
0.670,4.520,4.510,0.030,77320.000,4.610,4.470
-1.150,3.440,3.570,-0.040,248127.000,3.900,3.380
0.440,56.820,56.730,0.250,271696.000,57.660,56.470
-1.470,24.860,25.290,-0.370,364546.000,25.610,24.760
-1.210,20.360,20.710,-0.250,505972.000,20.830,20.080
0.030,30.950,31.230,0.010,2921860.000,31.535,30.900
0.160,24.800,24.850,0.040,191070.000,25.050,24.730
0.850,102.150,101.880,0.860,2108919.000,103.570,101.390
-0.170,53.900,54.330,-0.090,52163.000,54.790,53.410
0.230,6.570,6.570,0.015,359434.000,6.620,6.460
0.080,37.260,37.540,0.030,2454531.000,38.210,37.200
0.140,78.970,79.190,0.110,137265.000,80.450,78.680
0.340,26.630,26.600,0.090,40370701.000,26.960,26.510
-1.580,32.410,33.150,-0.520,7411776.000,33.670,32.240
-0.960,55.610,55.590,-0.540,807545.000,56.850,55.350
-0.030,37.270,37.520,-0.010,1557855.000,37.870,37.132
0.740,85.610,85.270,0.630,152500.000,87.430,84.760
-0.180,22.070,22.220,-0.040,11689.000,22.500,21.770
0.330,96.200,96.090,0.320,2621019.000,97.300,96.030
-0.690,7.240,7.360,-0.050,7223346.000,7.500,7.230
0.000,1.040,1.090,0.000,110574.000,1.100,1.040
0.230,73.420,73.650,0.170,2688873.000,74.150,73.210
-0.560,1.760,1.780,-0.010,472726.000,1.790,1.740
0.650,9.310,9.320,0.060,210490.000,9.520,9.230
-1.420,7.000,7.160,-0.101,211411.000,7.460,6.910
1.850,31.380,31.070,0.570,700814.000,31.910,31.032
-0.130,95.060,95.920,-0.120,429079.000,97.300,94.845
-1.110,19.590,19.460,-0.220,223820.000,19.750,19.459
-1.300,23.500,23.820,-0.310,1819516.000,23.940,23.460
0.500,13.960,13.940,0.070,121882.000,14.000,13.868
3.070,39.250,38.220,1.170,57803.000,39.520,38.220
1.610,10.100,9.990,0.160,227794.000,10.290,9.900
0.750,13.500,13.590,0.100,1981.000,13.600,13.200
0.880,13.820,13.760,0.120,138868.000,14.290,13.650
1.020,39.470,39.440,0.400,32575066.000,40.220,39.110
0.470,101.310,101.210,0.470,396364.000,103.740,100.350
0.830,8.540,8.460,0.070,48002.000,8.570,8.460
-0.090,32.830,32.930,-0.030,313372.000,33.000,32.710
1.460,6.960,6.900,0.100,595286.000,7.210,6.900
0.960,43.340,43.220,0.410,1343106.000,44.100,43.210
0.350,46.390,46.440,0.160,2530275.000,47.010,46.250
3.480,1.190,1.170,0.040,906286.000,1.200,1.140
-0.410,49.100,50.000,-0.200,98856.000,50.050,48.930
-0.020,50.580,51.010,-0.010,1475591.000,51.290,50.430
2.650,42.290,41.330,1.090,161876.000,42.750,41.330
-1.720,1.140,1.170,-0.020,61813.000,1.180,1.140
7.380,9.390,8.790,0.645,238307.000,9.440,8.790
-0.030,36.810,37.040,-0.010,134955.000,37.310,36.710
3.310,10.920,10.590,0.350,25850.000,10.990,10.580
2.190,15.890,15.650,0.340,2272694.000,16.030,15.650
3.780,15.930,15.350,0.580,147086634.000,16.500,15.300
1.040,7.770,7.760,0.080,805273.000,7.950,7.720
1.370,16.290,16.190,0.220,204699.000,16.660,16.110
0.650,305.890,305.950,1.980,1241626.000,309.950,305.700
0.710,5.680,5.690,0.040,843118.000,5.760,5.630
-0.550,50.260,51.070,-0.280,2735082.000,51.270,50.030
0.630,7.940,7.970,0.050,244577.000,8.090,7.890
1.670,2.440,2.420,0.040,329383.000,2.440,2.370
1.580,28.230,27.880,0.440,523805.000,28.550,27.770
0.560,74.010,74.280,0.410,1268779.000,75.335,73.600
1.730,18.790,18.540,0.320,114036.000,19.140,18.340
-0.820,31.440,31.900,-0.260,235721.000,32.060,31.410
-1.930,65.640,67.100,-1.290,227047.000,67.100,65.540
1.460,24.380,24.080,0.350,21826.000,24.750,23.720
0.100,30.800,30.860,0.030,13882071.000,31.090,30.720
0.000,25.590,25.690,0.000,515206.000,26.010,25.430
-1.080,23.910,23.350,-0.260,13932579.000,24.490,23.330
4.280,58.180,56.510,2.390,1298711.000,58.870,56.510
1.360,0.750,0.740,0.010,345759.000,0.780,0.740
1.050,39.560,39.250,0.410,12261325.000,39.830,39.090
1.360,16.340,16.180,0.220,3065641.000,16.450,16.150
0.160,174.320,174.900,0.270,3376702.000,176.320,174.000
0.270,14.860,14.860,0.040,12367.000,15.070,14.750
0.220,37.020,36.970,0.080,432878.000,37.550,36.860
-1.210,8.990,9.180,-0.110,3574823.000,9.230,8.990
-0.060,46.280,46.500,-0.030,143252.000,46.630,46.090
-0.480,39.130,39.510,-0.190,222214.000,39.560,39.010
1.230,78.870,78.350,0.960,1011935.000,79.650,78.320
2.410,18.670,18.360,0.440,194376.000,18.760,18.360
-0.270,33.030,33.310,-0.090,166086.000,33.470,32.950
0.210,65.450,65.690,0.140,94060.000,66.220,65.320
-0.120,41.960,42.320,-0.050,167311.000,42.820,41.490
0.310,68.060,68.170,0.210,7301213.000,68.430,67.770
5.770,44.890,41.400,2.450,41892.000,44.890,41.400
-0.420,16.560,16.750,-0.070,352080.000,16.890,16.540
0.770,52.620,52.480,0.400,11827475.000,53.750,52.440
-2.510,19.460,20.180,-0.500,120069.000,20.290,19.310
3.170,3.910,3.810,0.120,79948.000,3.910,3.810
0.870,10.440,10.420,0.090,211041.000,10.640,10.330
-0.200,20.190,20.300,-0.040,270462.000,20.360,20.120
0.640,25.120,25.060,0.160,10426793.000,25.520,25.010
0.760,15.820,15.710,0.120,101301.000,15.970,15.590
-0.320,68.440,69.100,-0.220,801026.000,69.340,68.350
0.840,18.060,18.010,0.150,63109.000,18.280,17.950
1.360,22.330,22.210,0.300,973924.000,22.660,22.210
0.840,40.590,40.540,0.340,566195.000,41.150,40.352
-0.640,43.680,44.280,-0.280,815398.000,44.530,43.640
3.030,21.090,20.530,0.620,107893.000,21.370,20.500
1.960,82.080,81.170,1.580,1784227.000,83.000,81.030
0.750,26.780,26.700,0.200,95815.000,27.100,26.620
0.740,17.600,17.580,0.130,246233.000,17.659,17.470
5.210,1.010,0.950,0.050,1101972.000,1.030,0.950
3.760,45.000,43.790,1.630,4723907.000,45.330,43.730
-0.290,47.950,48.440,-0.140,1127892.000,48.450,47.860
-0.460,24.020,24.280,-0.110,4879050.000,24.400,23.990
1.610,4.430,4.400,0.070,564874.000,4.490,4.370
1.830,17.270,17.040,0.310,175306.000,17.600,17.010
0.140,41.500,41.700,0.060,196757.000,41.700,41.340
-0.580,22.460,22.690,-0.130,431814.000,23.010,22.230
0.160,80.840,80.990,0.130,1431976.000,81.562,80.310
-0.640,35.980,36.260,-0.230,220613.000,37.060,35.780
2.540,10.500,10.350,0.260,14148.000,10.500,10.180
0.580,24.240,24.180,0.140,49014.000,24.600,23.890
1.020,1.980,1.950,0.020,435679.000,2.030,1.950
-1.160,28.150,28.780,-0.330,20407860.000,28.960,28.060
1.020,8.950,8.930,0.090,344758.000,9.150,8.900
0.380,2.630,2.650,0.010,7108026.000,2.670,2.590
1.040,19.470,19.450,0.200,65064.000,19.780,19.020
0.560,1.810,1.840,0.010,27556.000,1.870,1.810
0.150,6.490,6.520,0.010,31858.000,6.623,6.400
1.780,12.560,12.440,0.220,403074.000,12.640,12.350
0.290,81.890,82.530,0.240,4825753.000,83.650,81.760
0.180,91.490,92.190,0.160,262095.000,92.740,91.330
0.040,25.620,25.830,0.010,937532.000,26.370,25.580
0.970,8.320,8.310,0.080,1814636.000,8.510,8.260
1.640,94.410,93.400,1.520,856609.000,95.960,93.320
1.730,18.850,18.740,0.320,372949.000,19.040,18.560
3.880,39.660,38.350,1.480,1216480.000,40.230,38.350
2.190,13.070,12.840,0.280,40355.000,13.300,12.710
-0.160,74.800,75.300,-0.120,35136.000,75.300,74.310
0.620,45.200,45.270,0.280,99577.000,45.920,45.040
0.370,24.610,24.610,0.090,444517.000,25.400,24.320
0.350,63.000,63.130,0.220,320016.000,63.820,62.750
0.430,39.820,39.850,0.170,2363906.000,40.500,39.650
0.300,43.720,43.650,0.130,206620.000,44.910,43.250
0.410,19.480,19.600,0.080,1196058.000,20.000,19.250
0.310,17.580,17.650,0.055,3040050.000,17.790,17.450
0.510,23.590,23.660,0.120,159043.000,23.890,23.480
1.410,26.670,26.360,0.370,8865.000,26.920,26.360
0.500,10.030,10.050,0.050,179175.000,10.120,9.960
3.310,34.690,33.910,1.110,792653.000,34.840,33.870
-0.640,27.840,28.200,-0.180,159588.000,28.590,27.630
-1.950,20.630,21.090,-0.410,958154.000,21.140,20.580
0.140,14.440,14.500,0.020,277766.000,14.500,14.290
1.740,18.140,17.920,0.310,33440.000,18.190,17.760
-1.980,26.740,27.450,-0.540,29266.000,27.750,26.580
0.330,54.350,54.260,0.180,84723.000,54.700,54.110
1.060,39.020,38.840,0.410,1918658.000,39.500,38.770
-1.350,38.780,39.000,-0.530,10382594.000,39.980,38.680
0.430,41.580,41.670,0.180,1528275.000,42.340,41.460
0.350,49.230,49.230,0.170,2537128.000,49.720,49.150
0.580,39.620,39.670,0.230,33600020.000,40.370,39.410
-1.730,34.070,34.970,-0.600,1001269.000,35.100,33.830
-0.110,35.360,35.480,-0.040,6275290.000,35.599,35.260
-0.770,3.880,3.930,-0.030,268015.000,4.000,3.840
3.090,1.670,1.620,0.050,210607.000,1.730,1.620
-0.030,36.370,36.490,-0.010,508076.000,36.980,36.230
1.670,7.310,7.190,0.120,64656.000,7.346,7.190
-0.200,14.660,14.890,-0.030,15792768.000,14.990,14.520
0.860,90.530,90.510,0.770,2205090.000,91.720,89.500
0.570,8.840,8.810,0.050,25895.000,9.000,8.700
-0.200,24.570,24.850,-0.050,19036383.000,24.970,24.520
0.900,3.350,3.330,0.030,151037.000,3.470,3.330
-0.400,17.470,17.620,-0.070,1314471.000,17.980,17.450
-0.990,25.920,26.310,-0.260,632421.000,26.350,25.920
3.350,100.070,97.970,3.240,24813.000,101.970,97.970
-0.460,6.440,6.570,-0.030,621984.000,6.660,6.390
3.720,22.310,21.630,0.800,231994.000,22.470,21.420
-1.500,19.740,20.170,-0.300,1252607.000,20.170,19.700
0.490,4.120,4.150,0.020,182883.000,4.170,4.060
0.820,4.910,4.960,0.040,124324.000,4.990,4.800
2.460,7.490,7.400,0.180,30249101.000,7.760,7.370
0.830,15.840,15.830,0.130,22340773.000,16.040,15.760
1.140,16.030,15.930,0.180,30465.000,16.210,15.880
-0.130,83.590,84.040,-0.110,836504.000,84.750,83.350
0.220,36.410,36.570,0.080,243645.000,36.760,36.350
0.470,40.640,40.530,0.190,20152.000,40.700,40.400
0.130,30.610,30.710,0.040,4341833.000,31.010,30.410
-0.690,10.130,10.100,-0.070,37858.000,10.350,9.860
3.490,400.410,388.350,13.500,7525.000,404.730,388.350
-0.520,13.500,13.610,-0.070,1145189.000,13.680,13.470
0.540,70.490,70.590,0.380,372399.000,71.370,70.270
-0.250,7.930,8.010,-0.020,9482590.000,8.060,7.920
1.440,19.760,19.700,0.280,111647.000,19.960,19.000
0.550,20.110,20.110,0.110,549328.000,20.460,20.060
0.480,62.850,62.660,0.300,236542.000,63.260,62.390
-0.400,32.050,32.430,-0.130,579942.000,32.670,31.980
2.760,6.340,6.230,0.170,221650.000,6.370,6.130
1.700,41.880,41.530,0.700,6263765.000,42.730,41.170
0.110,55.270,55.480,0.060,2744817.000,55.830,55.000
0.260,68.960,68.890,0.180,1060712.000,69.370,68.610
0.950,103.850,103.430,0.980,87425.000,105.540,103.343
0.770,29.940,29.840,0.230,80383.000,30.330,29.610
-0.280,10.550,10.650,-0.030,496064.000,10.700,10.540
0.220,49.820,49.710,0.110,3064844.000,50.490,49.590
0.920,28.600,28.480,0.260,1262792.000,28.770,28.450
1.770,102.720,101.070,1.790,353074.000,103.770,101.050
0.370,32.380,32.410,0.120,11621903.000,32.797,32.050
1.070,213.500,214.700,2.270,4206183.000,216.830,212.140
-0.200,50.500,50.770,-0.100,1322101.000,51.090,50.400
-1.090,30.840,31.420,-0.340,3478140.000,31.420,30.680
1.350,21.020,20.810,0.280,21942.000,21.150,20.520
-0.050,10.205,10.270,-0.005,160172163.000,10.360,10.150
0.790,43.630,43.350,0.340,145222.000,43.930,43.220
1.780,39.530,39.010,0.690,77679.000,39.830,39.010
5.080,11.380,10.880,0.550,91013.000,11.400,10.800
2.560,298.730,300.700,7.460,6989944.000,304.790,296.600
1.970,54.890,54.610,1.060,17615146.000,55.890,54.380
0.090,34.620,34.720,0.030,139456.000,35.460,34.250
1.520,62.100,61.500,0.930,898064.000,63.940,61.490
-0.900,7.710,7.820,-0.070,581091.000,7.980,7.690
-0.630,25.080,25.430,-0.160,416358.000,25.470,24.970
0.570,19.570,19.550,0.110,7502380.000,19.990,19.510
1.000,35.400,35.180,0.350,47554.000,35.680,35.110
-2.080,19.290,19.790,-0.410,738022.000,19.800,19.270
1.180,11.160,11.110,0.130,675111.000,11.190,10.990
1.250,8.890,8.840,0.110,1537402.000,9.070,8.810
-6.100,15.700,16.870,-1.020,1057257.000,17.010,15.700
4.240,6.640,6.380,0.270,3239917.000,6.920,6.370
0.340,35.340,35.360,0.120,1998902.000,35.790,35.260
1.940,68.290,67.380,1.300,1213092.000,69.310,67.330
1.750,15.680,15.550,0.270,918693.000,16.000,15.500
-0.240,32.960,33.210,-0.080,626269.000,33.440,32.845
-0.440,9.020,9.090,-0.040,528044.000,9.130,9.000
2.220,12.410,12.210,0.270,440273.000,12.640,12.210
0.400,5.060,5.070,0.020,586849.000,5.120,5.000
1.070,41.590,41.320,0.440,530696.000,41.950,41.250
1.130,32.340,32.130,0.360,1851104.000,32.810,31.850
0.620,16.100,16.060,0.100,51194.000,16.230,16.040
-1.510,17.600,18.000,-0.270,197656.000,18.030,17.510
-0.410,40.980,41.400,-0.170,426218.000,41.440,40.830
1.230,64.880,64.700,0.790,1725688.000,65.880,64.410
-0.360,16.820,17.050,-0.060,488689.000,17.180,16.790
0.540,26.040,25.770,0.140,8104761.000,26.220,25.760
1.700,10.750,10.590,0.180,1362394.000,10.900,10.520
2.900,1.420,1.370,0.040,1248493.000,1.450,1.370
-0.110,72.440,72.780,-0.080,145799.000,73.140,72.320
0.770,17.090,17.130,0.130,4551169.000,17.370,17.060
2.530,51.100,50.060,1.260,195340.000,51.560,49.870
-0.080,11.950,12.010,-0.010,128039.000,12.140,10.891
-1.610,139.970,142.900,-2.290,285241.000,143.020,139.890
1.450,90.760,89.890,1.300,43781.000,90.900,89.360
-0.450,72.650,73.400,-0.330,1319563.000,73.680,72.410
1.550,45.910,45.600,0.700,4933149.000,46.510,45.480
-1.280,23.890,24.380,-0.310,1542020.000,24.650,23.760
0.350,20.180,20.300,0.070,154931.000,20.410,20.050
0.630,42.970,42.490,0.270,1561665.000,43.350,41.980
7.020,18.900,17.940,1.240,4802506.000,18.930,17.880
-1.580,12.440,12.720,-0.200,21347928.000,12.730,12.410
0.040,23.490,23.690,0.010,4097104.000,23.940,23.380
0.570,22.990,23.000,0.130,34870.000,23.067,22.730
0.650,26.470,26.440,0.170,761428.000,26.760,26.410
5.160,11.010,10.580,0.540,1109141.000,11.150,10.555
0.120,16.860,16.850,0.020,673535.000,17.030,16.810
-0.860,38.040,38.460,-0.330,79756.000,38.670,37.980
0.880,37.700,37.540,0.330,282682.000,38.300,37.280
1.630,34.220,33.950,0.550,1253189.000,34.380,33.790
1.660,18.330,18.140,0.300,377463.000,18.390,18.050
-0.920,30.070,30.520,-0.280,5141177.000,30.765,29.970
0.850,4.750,4.720,0.040,121204.000,4.800,4.700
-0.330,20.950,21.110,-0.070,272577.000,21.270,20.900
1.860,30.190,29.790,0.550,207977.000,30.400,29.430
-3.210,27.780,28.880,-0.920,37233.000,28.880,27.270
-0.610,27.880,28.200,-0.170,293278.000,28.430,27.880
1.110,68.560,68.250,0.750,662825.000,69.250,68.250
-3.430,2.250,2.360,-0.080,1066594.000,2.470,2.220
1.120,18.090,17.960,0.200,276659.000,18.090,17.890
-0.680,30.700,31.130,-0.210,2515861.000,31.220,30.571
1.060,33.520,33.420,0.350,94886.000,34.000,33.320
-0.090,81.990,82.240,-0.070,101059.000,82.670,81.740
3.560,20.520,19.910,0.705,718215.000,20.770,19.703
1.160,35.810,35.470,0.410,6867455.000,36.115,35.470
-0.070,15.310,15.460,-0.010,3787934.000,15.600,15.280
0.290,38.240,38.390,0.110,168046.000,38.850,38.120
1.310,66.350,66.200,0.860,2825.000,67.135,66.000
-0.660,21.020,21.330,-0.140,723841.000,21.330,20.940
0.280,17.770,17.740,0.050,194325.000,17.890,17.720
1.600,66.550,65.880,1.050,960006.000,67.380,65.640
0.600,53.780,53.610,0.320,35799.000,54.280,53.340
0.120,73.800,74.330,0.090,564729.000,74.650,73.600
-0.080,25.800,26.020,-0.020,940030.000,26.230,25.700
-1.300,45.390,46.250,-0.600,117171.000,46.270,45.361
2.430,110.480,108.060,2.620,250129.000,111.470,108.060
2.520,5.290,5.210,0.130,146955.000,5.300,5.200
1.650,11.740,11.560,0.190,34122.000,11.890,11.530
3.490,6.520,6.330,0.220,473002.000,6.590,6.330
0.320,21.640,21.490,0.070,16531.000,21.840,21.475
-0.820,6.080,6.160,-0.050,27288.000,6.160,5.980
-0.320,18.570,18.680,-0.060,2779707.000,18.730,18.520
-2.600,0.750,0.787,-0.020,744079.000,0.787,0.722
-0.330,156.350,158.650,-0.520,1698393.000,159.772,155.860
-0.290,61.260,62.050,-0.180,3407820.000,62.210,60.900
1.700,9.860,9.850,0.165,2196714.000,10.000,9.720
1.210,12.510,12.450,0.150,239706.000,12.760,12.350
-0.400,12.540,12.720,-0.050,110806.000,13.025,12.460
0.980,67.310,67.050,0.650,42919.000,68.610,66.870
-0.300,42.880,43.240,-0.130,1090868.000,43.520,42.780
-0.520,93.270,94.170,-0.490,53846.000,94.680,92.920
0.630,22.320,22.310,0.140,55535.000,22.730,22.130
3.450,21.260,20.710,0.710,790667.000,21.410,20.710
0.280,7.230,7.270,0.020,238262.000,7.330,7.120
0.190,20.740,20.870,0.040,612883.000,20.900,20.670
-0.230,70.820,71.230,-0.160,406551.000,71.830,70.700
1.730,17.070,16.880,0.290,193947.000,17.590,16.880
1.380,37.520,37.290,0.510,725189.000,37.800,37.090
0.030,39.580,39.810,0.010,5582943.000,40.250,39.500
0.920,102.970,102.700,0.940,2473175.000,104.690,102.570
1.170,19.060,19.000,0.220,3701308.000,19.510,18.950
1.570,1.290,1.280,0.020,5920826.000,1.310,1.270
0.340,5.920,5.910,0.020,101877.000,5.970,5.690
0.670,82.100,81.920,0.550,400062.000,82.730,81.450
1.110,36.030,35.700,0.395,13381671.000,36.470,35.630
2.410,142.290,142.110,3.350,6461830.000,144.500,141.860
0.740,28.550,28.430,0.210,2343302.000,28.850,28.430
0.050,62.690,62.930,0.030,766728.000,63.530,62.530
1.480,30.210,29.810,0.440,213430.000,30.670,29.580
7.240,0.225,0.219,0.015,759425.000,0.260,0.210
0.550,56.850,56.720,0.310,79968.000,57.270,56.570
1.490,20.500,20.360,0.300,25706.000,20.690,20.130
-2.940,79.000,81.020,-2.390,880058.000,81.020,78.080
-0.880,6.770,6.880,-0.060,7036683.000,6.930,6.730
-0.500,36.140,36.570,-0.180,202173.000,36.920,36.070
0.000,74.900,75.160,0.000,36111.000,76.320,74.470
0.300,13.490,13.540,0.040,72652.000,13.570,13.390
-0.640,75.880,77.090,-0.490,2518339.000,77.540,74.990
1.530,33.180,32.890,0.500,266115.000,33.580,32.890
-3.290,23.810,24.650,-0.810,3255909.000,24.870,23.690
2.620,9.020,8.840,0.230,95253.000,9.090,8.790
-0.030,37.750,38.510,-0.010,675141.000,38.780,37.540
-0.050,19.990,20.090,-0.010,41117522.000,20.200,19.900
-0.440,40.570,40.980,-0.180,100968.000,41.280,40.320
0.110,44.180,44.140,0.050,2350525.000,44.240,44.120
0.620,37.040,36.990,0.230,704138.000,37.930,36.980
2.870,7.170,7.010,0.200,619625.000,7.250,7.010
-1.380,12.160,12.490,-0.170,8319079.000,12.550,12.090
-0.070,15.110,15.200,-0.010,293492.000,15.270,15.050
-0.540,11.110,11.260,-0.060,536118.000,11.260,11.010
0.740,21.860,21.680,0.160,154111.000,22.100,20.910
-0.380,78.520,79.390,-0.300,884250.000,79.980,78.290
-0.490,26.460,26.650,-0.130,255234.000,26.787,26.440
-0.120,16.530,16.610,-0.020,13466389.000,16.800,16.480
1.080,25.180,25.090,0.270,123847.000,25.380,24.970
0.960,79.270,79.200,0.750,263284.000,80.720,78.790
0.120,43.390,43.640,0.050,3230517.000,44.190,43.270
0.310,16.170,16.180,0.050,144371.000,16.430,15.970
0.640,3.150,3.150,0.020,596912.000,3.170,3.120
0.760,5.270,5.240,0.040,305005.000,5.350,5.160
0.620,39.250,39.160,0.240,1009677.000,39.580,39.040
-0.620,23.950,24.350,-0.150,139780.000,24.700,23.810
-0.290,24.070,24.140,-0.070,122465.000,24.670,23.780
1.260,65.710,65.200,0.820,1531686.000,67.420,65.200
0.890,31.610,31.590,0.280,357398.000,32.050,31.490
3.000,25.040,24.420,0.730,21140.000,25.170,24.399
-0.630,26.790,27.070,-0.170,737859.000,27.110,26.785
1.620,11.300,11.170,0.180,63345.000,11.470,11.050
0.000,9.180,9.190,0.000,1045747.000,9.190,9.170
-0.780,16.480,16.740,-0.130,4310225.000,16.740,16.400
0.680,25.110,25.070,0.170,5456543.000,25.330,24.750
0.030,32.100,32.340,0.010,4654788.000,32.660,32.020
2.430,5.900,5.780,0.140,5081.000,6.090,5.540
-1.420,51.230,52.490,-0.740,5044618.000,52.750,51.160
0.970,47.720,47.600,0.460,260755.000,48.040,47.000
0.740,28.420,28.500,0.210,57766.000,28.980,28.140
-1.030,47.250,47.670,-0.490,415997.000,48.100,47.140
-0.510,56.610,56.980,-0.290,4457966.000,57.230,56.350
1.390,21.160,20.960,0.290,1118352.000,21.395,20.830
1.770,1.150,1.140,0.020,339560.000,1.210,1.140
0.990,25.400,25.230,0.250,9601.000,25.490,25.200
0.470,31.850,31.860,0.150,1761094.000,32.460,31.740
1.590,33.910,33.770,0.530,470593.000,34.050,33.730
-0.200,10.080,10.180,-0.020,272805.000,10.540,10.050
1.180,131.750,130.530,1.540,277845.000,132.780,130.360
-1.360,14.530,14.830,-0.200,348175.000,14.930,14.520
0.620,87.510,87.450,0.540,366762.000,88.420,87.300
0.480,35.440,35.400,0.170,10979845.000,35.800,35.300
-0.750,46.540,46.950,-0.350,1138351.000,47.160,46.430
0.850,5.960,5.950,0.050,312223.000,6.000,5.910
0.650,359.400,360.030,2.320,253392.000,365.368,358.050
0.650,74.020,74.120,0.480,2141799.000,75.200,73.660
0.920,16.460,16.480,0.150,171870.000,16.800,16.370
0.230,30.800,30.930,0.070,469480.000,31.050,30.590
0.020,49.930,50.350,0.010,1166413.000,50.390,49.820
2.530,4.460,4.320,0.110,79100.000,4.540,4.320
0.620,80.770,80.570,0.500,352901.000,81.810,80.510
1.140,43.600,43.590,0.490,902521.000,44.330,43.350
-0.680,4.350,4.400,-0.030,147895.000,4.426,4.310
2.630,8.970,8.800,0.230,53679.000,8.970,8.696
-0.830,19.070,19.320,-0.160,107000.000,19.435,18.850
-0.030,34.270,34.500,-0.010,573302.000,34.990,34.110
-1.140,33.920,34.570,-0.390,4886182.000,34.590,33.750
1.300,34.270,34.080,0.440,158631.000,34.899,34.040
-1.150,50.680,51.270,-0.590,1334693.000,51.510,50.530
0.060,94.470,94.970,0.060,491756.000,95.350,94.100
1.750,64.430,63.810,1.110,1645591.000,65.590,63.620
1.030,2.930,2.880,0.030,207395.000,2.970,2.880
1.200,42.140,41.970,0.500,3060799.000,42.730,41.970
0.840,33.520,33.050,0.280,13868.000,33.690,33.050
0.890,27.100,26.960,0.240,191579.000,27.370,26.760
-0.900,51.930,52.570,-0.470,6251731.000,53.100,51.880
1.700,23.930,23.630,0.400,6202320.000,24.660,23.570
0.160,51.490,51.570,0.080,1663188.000,52.330,51.180
2.420,9.320,9.200,0.220,264084.000,9.490,9.140
-0.370,39.920,40.190,-0.150,83361.000,40.730,39.770
0.340,14.910,15.010,0.050,16567799.000,15.100,14.870
0.180,57.120,57.210,0.100,440184.000,58.280,57.000
0.900,12.380,12.320,0.110,286110.000,12.590,12.200
0.190,94.920,95.200,0.180,1373966.000,95.560,94.640
-1.460,14.190,14.520,-0.210,54175.000,14.630,13.811
-1.220,4.840,4.910,-0.060,50882.000,4.950,4.820
1.090,55.580,55.410,0.600,6263804.000,56.550,55.400
1.820,20.140,19.920,0.360,728369.000,20.390,19.880
0.920,46.970,46.620,0.430,531966.000,47.590,46.490
0.700,532.270,534.140,3.700,806741.000,541.970,530.000
-0.380,87.190,87.740,-0.330,353998.000,88.270,86.890
0.620,46.880,46.820,0.290,101032.000,47.380,45.981
2.110,38.680,38.220,0.800,86438.000,39.510,38.220
-2.160,13.580,14.010,-0.300,2745849.000,14.070,13.560
0.010,80.100,80.130,0.010,2391026.000,80.150,79.180
1.670,51.250,50.520,0.840,1504277.000,52.660,50.391
-0.120,8.450,8.450,-0.010,1368288.000,8.460,8.440
0.220,41.430,41.310,0.090,98154.000,41.970,41.180
-0.760,56.090,57.050,-0.430,17929371.000,57.090,56.010
0.380,55.870,56.070,0.210,1955009.000,56.780,55.700
