-3.170,11.300,11.740,-0.370,186186.000,11.935,11.250
-2.380,20.500,21.000,-0.500,86773.000,21.190,20.470
0.600,13.330,13.250,0.080,228274.000,13.370,13.160
-2.270,64.480,66.370,-1.500,188567.000,66.650,64.400
-1.920,6.120,6.280,-0.120,604553.000,6.330,6.100
-1.110,31.220,31.810,-0.350,1975460.000,31.810,31.120
-1.690,50.640,51.900,-0.870,298072.000,52.070,50.420
-1.010,23.610,23.870,-0.240,2300703.000,24.190,23.450
-0.750,34.240,34.720,-0.260,2030580.000,34.930,34.120
1.310,20.090,20.050,0.260,4566996.000,20.240,19.550
-4.060,48.240,50.120,-2.040,22094.000,50.920,47.790
-0.370,56.990,57.250,-0.210,1480408.000,57.550,56.910
-1.280,37.040,37.670,-0.480,2613999.000,37.690,36.990
-0.610,17.820,17.920,-0.110,62907.000,18.040,17.740
-0.520,20.900,20.970,-0.110,12217.000,21.080,20.850
-2.350,18.280,18.690,-0.440,116325.000,18.830,18.230
-2.780,38.110,39.230,-1.090,879487.000,39.480,37.670
-1.260,15.720,16.040,-0.200,332281.000,16.040,15.510
-0.610,3.260,3.270,-0.020,966872.000,3.350,3.230
-1.380,52.300,53.320,-0.730,1292643.000,53.550,52.010
-0.360,11.110,11.190,-0.040,72995.000,11.190,11.100
-3.360,4.320,4.480,-0.150,152946.000,4.530,4.320
-1.360,71.190,71.940,-0.980,5483925.000,72.320,71.000
0.630,15.920,15.840,0.100,37256.000,16.000,15.710
-2.030,11.090,11.310,-0.230,18925.000,11.310,11.030
-3.550,22.540,23.340,-0.830,27030.000,23.340,22.490
-2.680,15.260,15.770,-0.420,324231.000,16.070,15.180
-1.130,36.870,37.310,-0.420,118599.000,37.640,36.770
-2.250,11.320,11.610,-0.260,9646146.000,11.630,11.240
0.110,18.530,18.650,0.020,43413584.000,18.800,18.470
-1.970,12.910,13.170,-0.260,163191.000,13.230,12.900
-0.350,5.650,5.660,-0.020,359480.000,5.750,5.590
-1.470,16.750,17.000,-0.250,308595.000,17.030,16.630
1.810,55.040,54.240,0.980,2915577.000,56.560,54.180
-0.290,10.150,10.180,-0.030,1144955.000,10.360,10.110
-0.710,51.630,52.010,-0.370,953439.000,52.210,51.440
-1.280,31.580,32.190,-0.410,131831.000,32.240,31.450
-2.070,14.160,14.540,-0.300,1035703.000,14.670,14.020
-2.470,42.580,43.930,-1.080,6698900.000,44.050,42.470
0.040,67.660,67.600,0.030,9548511.000,67.930,67.470
-2.960,9.180,9.480,-0.280,460480.000,9.540,9.160
-1.600,4.920,5.000,-0.080,235545.000,5.030,4.900
-0.160,86.620,86.400,-0.140,1454397.000,87.120,86.400
-0.040,85.210,85.390,-0.030,197286.000,85.420,85.190
-0.120,68.580,68.940,-0.080,210016.000,69.460,68.270
-0.120,17.290,17.410,-0.020,2097256.000,17.470,17.269
-2.670,36.090,37.050,-0.990,113992.000,37.190,36.030
-0.790,15.010,15.110,-0.120,44079.000,15.230,14.900
-2.160,30.360,31.190,-0.670,7507844.000,31.250,30.140
-0.630,66.420,66.580,-0.420,4553221.000,66.900,66.230
-0.680,52.580,53.100,-0.360,2791227.000,53.100,52.450
-2.090,8.430,8.620,-0.180,138201.000,8.670,8.310
-0.620,25.690,25.920,-0.160,151524.000,26.058,25.620
0.280,7.240,7.280,0.020,1509402.000,7.390,7.170
-0.350,8.540,8.580,-0.030,28408.000,8.610,8.381
-0.200,4.990,5.000,-0.010,2282595.000,5.060,4.920
-1.720,13.140,13.400,-0.230,1188021.000,13.410,13.130
-0.490,12.180,12.300,-0.060,2634211.000,12.470,12.120
-3.950,8.760,9.120,-0.360,2103033.000,9.290,8.740
-0.060,64.600,64.550,-0.040,8410546.000,64.800,64.360
-3.540,7.090,7.350,-0.260,1116247.000,7.350,7.070
-1.120,22.090,22.410,-0.250,2784047.000,22.650,22.070
-0.540,77.880,78.810,-0.420,2469289.000,79.440,77.710
-0.730,9.540,9.690,-0.070,706400.000,9.690,9.400
-1.030,58.800,59.630,-0.610,224325.000,59.870,58.410
-0.510,80.020,80.760,-0.410,440731.000,81.180,79.550
-1.090,2.710,2.740,-0.030,46712.000,2.770,2.700
1.560,1.300,1.290,0.020,249211.000,1.340,1.260
-1.830,32.790,33.560,-0.610,2086981.000,33.730,32.730
0.540,92.630,92.650,0.500,572123.000,93.500,92.118
-0.660,12.090,12.240,-0.080,956900.000,12.240,11.960
-1.250,11.050,11.250,-0.140,442467.000,11.300,11.000
-1.210,61.800,62.660,-0.760,505937.000,63.260,61.520
-1.240,86.000,87.460,-1.080,1079051.000,87.460,85.540
-0.160,36.880,36.940,-0.060,12708295.000,37.370,36.810
1.400,39.140,38.750,0.540,2026928.000,39.520,38.260
-0.140,27.680,27.870,-0.040,5893220.000,28.420,27.630
-1.450,4.760,4.860,-0.070,85847.000,4.880,4.750
-0.820,41.270,41.730,-0.340,4722730.000,41.990,41.210
-1.560,18.970,19.280,-0.300,7563520.000,19.420,18.870
-1.770,23.820,24.360,-0.430,13612.000,24.360,23.770
0.000,44.500,44.530,0.000,1354964.000,45.085,43.720
-3.100,5.930,6.130,-0.190,717144.000,6.250,5.900
-1.860,48.000,49.200,-0.910,203581.000,49.250,47.870
0.570,95.410,95.850,0.540,3110992.000,98.500,94.000
-1.430,22.110,22.520,-0.320,5600314.000,22.650,21.985
-1.670,13.550,13.850,-0.230,9814237.000,13.860,13.480
-0.850,30.160,30.450,-0.260,431505.000,30.760,30.111
-4.190,37.060,38.600,-1.620,18501.000,38.600,37.020
-1.510,41.030,41.860,-0.630,213361.000,42.070,40.700
-1.180,28.500,28.930,-0.340,5754948.000,29.000,28.350
-2.810,24.880,25.230,-0.720,8286156.000,25.710,24.880
-1.710,22.990,23.410,-0.400,879739.000,23.600,22.680
-1.450,31.990,32.640,-0.470,364189.000,32.800,31.750
-4.440,6.670,7.040,-0.310,958232.000,7.160,6.670
-0.870,6.860,7.030,-0.060,3306616.000,7.310,6.850
-0.500,11.840,11.890,-0.060,5680549.000,11.970,11.750
-0.100,9.540,9.670,-0.010,4161475.000,9.720,9.360
-1.740,16.920,17.340,-0.300,152274.000,17.520,16.410
0.140,107.500,107.760,0.150,37240.000,109.650,106.680
-1.870,23.040,23.550,-0.440,116786.000,23.581,22.890
-5.200,1.640,1.720,-0.090,146609.000,1.740,1.630
-2.030,6.270,6.390,-0.130,5318033.000,6.460,6.230
-1.940,41.850,42.720,-0.830,3021452.000,43.100,41.540
-1.700,54.280,55.420,-0.940,61538.000,55.630,54.080
-0.360,33.010,33.220,-0.120,2319829.000,33.480,32.600
-2.040,7.220,7.360,-0.150,38375.000,7.486,7.200
-1.100,43.890,44.370,-0.490,2219166.000,44.560,43.830
-0.530,43.220,43.420,-0.230,1075500.000,44.890,42.810
0.000,3.170,3.170,0.000,49895.000,3.220,3.120
0.740,17.600,17.490,0.130,1070045.000,17.780,17.490
-0.120,33.810,33.820,-0.040,2504071.000,34.180,33.510
-0.270,14.680,14.750,-0.040,12430116.000,15.060,14.540
-1.090,12.670,12.820,-0.140,4926372.000,12.930,12.650
-2.610,57.050,58.580,-1.530,166382.000,58.580,56.970
-1.510,52.320,53.150,-0.800,1736856.000,53.390,52.000
-1.420,30.570,31.150,-0.440,1466501.000,31.540,30.510
-0.400,87.820,87.910,-0.350,3127415.000,89.160,87.610
-0.270,10.890,10.900,-0.030,15279.000,10.950,10.850
-0.700,40.950,41.240,-0.290,467437.000,41.580,40.390
0.090,11.350,11.370,0.010,2011834.000,11.540,11.180
-0.380,7.770,7.780,-0.030,14003.000,7.820,7.750
-3.820,41.850,43.510,-1.660,2023866.000,43.658,41.420
-4.310,12.880,13.530,-0.580,156017.000,13.540,12.600
-0.900,15.430,15.560,-0.140,48320504.000,15.760,15.400
-1.950,53.200,54.570,-1.060,288931.000,54.570,53.120
-2.090,9.820,10.100,-0.210,2662893.000,10.130,9.770
-1.560,110.960,113.650,-1.760,1803066.000,115.500,109.920
-2.180,8.510,8.740,-0.190,10181807.000,8.740,8.500
-0.880,14.720,15.000,-0.130,22685871.000,15.070,14.520
-0.920,3.220,3.250,-0.030,581145.000,3.370,3.190
-2.940,1.320,1.390,-0.040,906255.000,1.390,1.320
-4.050,26.790,27.890,-1.130,77539.000,27.970,26.720
-0.650,19.790,20.100,-0.130,2999717.000,20.440,19.650
-0.540,52.970,53.560,-0.290,964742.000,54.050,52.610
-0.470,35.960,36.200,-0.170,10796954.000,36.540,35.820
-0.610,83.120,84.000,-0.510,914094.000,84.690,83.060
-0.260,49.710,49.930,-0.130,116112.000,50.900,49.630
-1.050,25.360,25.800,-0.270,365700.000,25.800,25.100
-1.590,50.740,51.540,-0.820,538939.000,52.010,50.620
-2.390,52.620,53.970,-1.290,1621841.000,54.270,52.450
-1.680,17.600,17.910,-0.300,12639.000,17.980,17.570
-1.180,16.820,17.050,-0.200,95083.000,17.050,16.560
0.000,1.150,1.150,0.000,485180.000,1.170,1.140
1.000,85.810,86.020,0.850,6744686.000,86.460,85.560
-1.300,12.160,12.350,-0.160,728477.000,12.460,12.070
-1.360,55.090,56.170,-0.760,279293.000,56.850,54.970
-0.720,53.630,53.520,-0.390,15429391.000,53.700,53.380
-2.310,33.400,34.360,-0.790,41295.000,34.480,33.240
-0.880,10.190,10.190,-0.090,77506.000,10.310,10.140
-0.890,26.790,27.050,-0.240,4209610.000,27.120,26.590
0.110,18.250,18.350,0.020,1373277.000,18.460,18.120
-1.360,23.280,23.610,-0.320,1087432.000,23.760,23.240
-1.600,7.360,7.470,-0.120,67617.000,7.490,7.300
-2.400,9.370,9.650,-0.230,108361.000,9.810,9.360
-0.610,4.900,4.960,-0.030,908770.000,5.050,4.830
-2.460,28.930,29.790,-0.730,213424.000,29.820,28.890
-1.680,32.110,32.730,-0.550,913710.000,32.800,32.030
-2.720,62.690,64.740,-1.750,576393.000,64.740,62.310
-1.080,2.760,2.830,-0.030,4552662.000,2.840,2.740
-2.770,48.730,50.390,-1.390,1601117.000,50.790,48.450
-0.910,55.410,56.320,-0.510,166420.000,56.759,55.330
-1.210,12.230,12.440,-0.150,555364.000,12.480,12.070
0.480,18.810,18.810,0.090,6473023.000,19.050,18.590
0.340,55.970,55.830,0.190,2728979.000,56.200,55.500
-0.730,44.860,45.400,-0.330,1797016.000,45.450,44.218
-1.210,39.280,39.890,-0.480,1340066.000,39.910,39.170
-1.720,37.090,37.920,-0.650,1116345.000,37.920,36.850
1.720,1.180,1.170,0.020,710190.000,1.240,1.120
-2.970,68.990,71.270,-2.110,2556174.000,71.300,68.830
-0.630,75.960,76.450,-0.480,434568.000,76.860,75.771
-1.320,52.470,53.190,-0.700,6694184.000,53.380,52.220
-1.630,10.890,11.120,-0.180,336437.000,11.150,10.840
-5.710,9.740,10.350,-0.590,1062566.000,10.350,9.720
-1.610,20.170,20.550,-0.330,98509.000,20.550,20.160
-1.390,44.620,45.350,-0.630,190761.000,45.550,44.250
-1.960,32.050,32.800,-0.640,31969833.000,33.100,31.860
-1.490,74.140,75.330,-1.120,267664.000,76.830,73.810
-0.230,21.920,22.090,-0.050,70106.000,22.210,21.730
-1.800,49.210,50.330,-0.900,199227.000,50.330,48.860
-0.400,104.670,105.700,-0.420,7234154.000,106.466,104.570
-3.320,22.120,22.870,-0.760,42067.000,22.940,22.110
-1.570,30.800,31.390,-0.490,2612.000,31.390,30.800
-1.960,8.500,8.660,-0.170,153105.000,8.740,8.420
-2.090,29.570,30.320,-0.630,54496.000,30.680,29.260
-2.130,80.710,82.740,-1.760,328975.000,83.430,80.580
-0.990,8.970,9.060,-0.090,340110.000,9.064,8.920
-0.270,3.680,3.710,-0.010,577911.000,3.760,3.650
-1.870,101.530,103.760,-1.940,645077.000,104.930,101.420
-1.810,10.820,11.010,-0.200,25622.000,11.020,10.800
-1.670,55.500,57.190,-0.940,1847216.000,57.450,55.300
-1.680,24.620,25.150,-0.420,181601.000,25.150,24.470
-1.120,23.000,23.400,-0.260,600458.000,23.550,22.710
-0.940,31.740,32.130,-0.300,396217.000,32.290,31.670
-1.870,23.090,23.510,-0.440,1176007.000,23.540,23.020
-2.380,6.980,7.150,-0.170,222494.000,7.229,6.950
-2.220,22.930,23.590,-0.520,3398322.000,23.680,22.800
-1.270,57.730,58.690,-0.740,3272971.000,58.830,57.670
-0.590,52.450,52.990,-0.310,1852760.000,53.330,52.250
-1.680,32.220,32.800,-0.550,534671.000,32.990,32.040
-0.070,357.770,361.010,-0.250,14972772.000,361.610,356.340
-0.870,10.290,10.370,-0.090,8935.000,10.380,10.290
1.230,44.570,44.210,0.540,1554042.000,44.940,44.200
-1.870,15.200,15.500,-0.290,9760588.000,15.525,15.100
-3.060,6.020,6.250,-0.190,720588.000,6.320,6.000
-2.080,12.730,13.010,-0.270,555092.000,13.160,12.580
-0.560,62.250,62.680,-0.350,1493281.000,62.800,62.110
-2.010,103.190,105.470,-2.120,1274230.000,106.230,103.060
-0.850,78.920,79.620,-0.680,683201.000,80.020,78.490
-0.970,107.585,108.830,-1.055,7190115.000,110.500,107.000
-1.360,13.830,14.010,-0.190,5767.000,14.010,13.830
-1.070,32.420,32.930,-0.350,357549.000,32.930,32.310
-0.680,5.850,5.880,-0.040,24230.000,5.920,5.840
-0.740,45.610,46.160,-0.340,270072.000,46.240,45.320
-1.010,63.690,64.430,-0.650,984625.000,64.600,63.350
-0.040,26.260,26.300,-0.010,10620589.000,26.410,26.209
-0.450,17.750,17.920,-0.080,448531.000,17.940,17.390
-1.060,58.810,59.610,-0.630,1971266.000,60.250,58.640
-0.410,53.060,53.450,-0.220,829099.000,54.090,52.420
-0.750,53.290,53.830,-0.400,1800033.000,54.120,53.170
-2.210,10.620,10.920,-0.240,451366.000,10.920,10.520
-1.830,17.140,17.490,-0.320,37903.000,17.510,17.050
-0.820,60.580,61.070,-0.500,1677841.000,61.490,60.420
-1.340,49.190,49.860,-0.670,2120787.000,50.440,49.050
-5.670,16.800,17.890,-1.010,1689964.000,17.940,16.750
-1.720,52.480,53.490,-0.920,3872908.000,53.800,52.360
-3.580,24.810,25.800,-0.920,134299.000,25.835,24.780
-1.160,5.950,6.020,-0.070,27695.000,6.020,5.940
-3.510,109.630,114.770,-3.990,1938125.000,114.900,109.370
-2.170,82.180,84.250,-1.820,16007.000,84.250,81.360
-0.380,68.920,69.510,-0.260,1340786.000,69.990,68.560
-0.900,24.160,24.380,-0.220,335882.000,24.460,24.050
-2.490,39.580,40.780,-1.010,953115.000,41.480,39.480
-1.910,82.370,84.190,-1.600,874714.000,84.248,82.280
-1.540,23.700,24.050,-0.370,77732.000,24.200,23.670
-1.340,39.120,39.770,-0.530,242041.000,40.030,38.740
-2.150,32.700,33.420,-0.720,1164690.000,33.610,32.520
-0.770,54.280,54.670,-0.420,3201992.000,55.170,54.090
-1.500,182.270,186.350,-2.780,671957.000,186.810,181.760
-1.510,56.590,57.800,-0.870,3443375.000,57.800,56.100
-1.650,88.450,89.980,-1.480,1697887.000,90.240,88.300
-1.180,9.250,9.340,-0.110,16765.000,9.360,9.250
-0.850,118.340,119.680,-1.020,63075.000,120.000,116.950
-1.560,60.040,61.200,-0.950,578497.000,61.370,59.930
-3.690,43.860,45.820,-1.680,1530437.000,45.840,43.780
-1.060,18.620,18.860,-0.200,1524265.000,18.890,18.600
-2.120,14.740,15.160,-0.320,64422.000,15.160,14.730
-1.400,184.130,186.000,-2.610,14741.000,187.620,184.130
-1.380,13.610,13.870,-0.190,3617101.000,14.080,13.450
-1.220,58.080,59.460,-0.720,1128065.000,59.780,57.880
0.610,44.570,44.530,0.270,13744177.000,45.060,43.850
-1.480,53.790,54.700,-0.810,6298211.000,55.000,53.620
2.850,16.590,16.670,0.460,6065905.000,17.750,16.200
-2.540,18.010,18.560,-0.470,96789.000,18.670,18.000
-1.210,16.280,16.560,-0.200,29088.000,16.560,15.950
-1.220,21.910,22.190,-0.270,4752210.000,22.435,21.710
-0.840,3.530,3.590,-0.030,372001.000,3.610,3.480
0.400,7.460,7.500,0.030,1107490.000,7.590,7.380
-3.190,15.160,15.730,-0.500,2792592.000,15.740,15.110
0.250,73.350,73.500,0.180,2069001.000,75.050,72.060
-0.550,52.680,53.290,-0.290,1064641.000,53.300,52.580
-1.260,93.060,94.460,-1.190,2827597.000,94.980,92.780
-2.130,24.370,25.180,-0.530,1230341.000,25.600,24.250
-2.500,12.480,12.880,-0.320,910898.000,13.080,12.460
-1.990,36.900,37.840,-0.750,51600.000,37.940,36.890
-1.430,9.620,9.850,-0.140,1246226.000,10.040,9.550
-3.140,1.540,1.590,-0.050,8708779.000,1.640,1.280
-1.590,123.190,125.280,-1.990,1170536.000,125.320,122.620
0.000,50.350,50.380,0.000,1919414.000,50.450,50.350
-1.510,9.140,9.290,-0.140,19452.000,9.290,9.100
0.320,297.880,298.370,0.940,416405.000,302.000,295.260
-5.630,11.910,12.680,-0.710,144273.000,12.870,11.880
1.380,35.330,35.020,0.480,35200.000,35.550,34.760
-0.170,63.450,63.800,-0.110,524565.000,64.110,63.190
-3.710,89.620,93.080,-3.450,335458.000,93.945,89.440
-1.530,10.330,10.530,-0.160,2386454.000,10.630,10.215
-5.360,4.240,4.510,-0.240,336737.000,4.530,4.170
-1.020,28.080,28.460,-0.290,500928.000,28.540,28.040
-2.240,54.430,55.650,-1.250,20454.000,55.870,54.430
-0.720,52.610,53.250,-0.380,774404.000,53.290,51.990
-0.810,62.620,63.220,-0.510,78086.000,63.270,62.390
-0.780,58.440,59.150,-0.460,2189008.000,59.270,58.030
-0.900,30.720,31.160,-0.280,11017146.000,31.490,30.620
-4.030,5.960,6.210,-0.250,106194.000,6.210,5.960
-0.990,22.100,22.380,-0.220,1031820.000,22.500,21.820
-0.600,16.470,16.680,-0.100,389171.000,17.040,16.410
-1.540,22.330,22.750,-0.350,2948661.000,22.810,22.200
-4.220,28.350,29.710,-1.250,139633.000,29.710,28.150
-2.570,7.960,8.170,-0.210,93575.000,8.240,7.890
-0.110,44.690,44.860,-0.050,237008.000,45.140,44.510
-2.110,40.750,41.800,-0.880,3125044.000,42.450,40.590
-0.260,22.730,22.860,-0.060,630684.000,22.970,22.600
-0.890,16.680,16.940,-0.150,8569991.000,17.110,16.630
-1.230,72.970,73.940,-0.910,425460.000,74.380,72.730
-0.410,17.110,17.170,-0.070,20690.000,17.280,17.040
-1.930,52.210,53.740,-1.030,97847.000,54.940,51.660
0.950,20.200,20.080,0.190,161603.000,20.490,20.000
0.160,43.170,43.170,0.070,243490.000,43.590,42.940
-0.390,38.180,38.470,-0.150,662850.000,38.840,38.000
-1.840,3.730,3.800,-0.070,378379.000,3.910,3.610
-0.320,82.220,83.050,-0.260,18803984.000,83.110,82.090
-2.530,21.930,22.530,-0.570,173750.000,22.670,21.880
-1.570,24.500,24.890,-0.390,1539309.000,24.979,24.320
-1.520,40.710,41.320,-0.630,47758.000,41.910,40.390
-2.110,38.110,38.950,-0.820,24116.000,39.065,37.880
-3.240,18.790,19.430,-0.630,216446.000,19.640,18.640
-0.730,13.660,13.820,-0.100,2841346.000,13.880,13.590
-1.310,52.140,52.810,-0.690,5276340.000,52.954,51.580
-0.880,4.480,4.520,-0.040,83295.000,4.570,4.420
-2.330,3.360,3.460,-0.080,149945.000,3.460,3.240
-0.370,56.610,57.080,-0.210,420899.000,57.440,56.130
0.800,25.060,24.860,0.200,459616.000,25.250,24.732
-0.100,20.340,20.370,-0.020,394788.000,20.760,20.180
-4.300,29.620,30.860,-1.330,6262170.000,30.930,29.520
-1.530,24.420,24.770,-0.380,212042.000,24.830,24.340
-1.410,100.710,102.480,-1.440,3578177.000,102.610,99.690
-2.080,52.780,54.200,-1.120,38984.000,54.200,52.260
-3.500,6.340,6.570,-0.230,339569.000,6.610,6.340
-2.440,36.350,37.430,-0.910,2909022.000,37.690,36.240
-2.010,77.380,79.240,-1.590,90950.000,79.660,77.330
-0.600,26.470,26.620,-0.160,45712014.000,27.010,26.360
-1.230,32.010,32.590,-0.400,5595625.000,32.935,31.810
-2.010,54.490,55.720,-1.120,530523.000,56.210,54.050
-0.540,37.070,37.410,-0.200,2005593.000,37.730,36.940
-2.070,83.840,85.780,-1.770,171487.000,86.070,83.320
-0.860,21.880,22.060,-0.190,10981.000,22.210,21.680
-1.290,94.950,94.820,-1.240,5186392.000,95.780,94.560
-2.070,7.090,7.270,-0.150,7473146.000,7.370,7.040
-0.960,1.030,1.060,-0.010,88231.000,1.070,1.020
-0.080,73.360,73.410,-0.060,3552011.000,74.020,72.960
-2.270,1.720,1.760,-0.040,256016.000,1.770,1.720
-6.020,8.750,9.290,-0.560,468616.000,9.290,8.740
-3.710,6.740,7.000,-0.260,189641.000,7.010,6.640
-3.350,30.330,31.320,-1.050,789209.000,31.350,29.810
-1.200,93.920,95.540,-1.140,369640.000,96.030,93.500
-1.990,19.200,19.650,-0.390,176323.000,19.710,19.164
-0.380,23.410,23.520,-0.090,1283435.000,23.640,23.390
-1.360,13.770,13.960,-0.190,272976.000,13.960,13.740
-0.820,38.930,39.260,-0.320,66575.000,40.495,38.360
-1.780,9.920,10.110,-0.180,205506.000,10.270,9.800
-1.560,13.290,13.480,-0.210,627.000,13.480,13.290
-6.300,12.950,13.830,-0.870,214277.000,13.830,12.890
-1.140,39.020,39.720,-0.450,32640197.000,39.870,39.000
-1.610,99.680,101.600,-1.630,415341.000,102.940,99.430
-0.230,8.520,8.500,-0.020,50648.000,8.580,8.500
-1.040,32.490,32.890,-0.340,244059.000,32.980,32.470
-3.160,6.740,6.980,-0.220,489466.000,7.150,6.700
-1.730,42.590,43.480,-0.750,571874.000,43.780,42.380
-0.450,46.180,46.430,-0.210,2880011.000,46.780,45.830
-0.840,1.180,1.190,-0.010,681256.000,1.220,1.160
-4.970,46.660,49.110,-2.440,137898.000,49.880,45.530
-1.360,49.890,50.760,-0.690,1352121.000,50.960,49.760
-1.750,41.550,42.410,-0.740,131694.000,42.580,41.260
-0.880,1.130,1.170,-0.010,56667.000,1.170,1.130
2.980,9.670,9.400,0.280,594910.000,9.790,9.340
-0.600,36.590,36.860,-0.220,222941.000,37.110,36.400
0.550,10.980,10.910,0.060,29558.000,11.000,10.791
-0.440,15.820,15.880,-0.070,3810086.000,16.120,15.510
-3.110,15.435,15.980,-0.495,75253998.000,16.130,15.200
-3.220,7.520,7.800,-0.250,1917192.000,7.900,7.520
0.120,16.310,16.380,0.020,178991.000,16.650,15.950
-0.070,305.680,304.510,-0.210,963625.000,311.000,304.510
-2.110,5.560,5.700,-0.120,589307.000,5.714,5.520
-2.310,49.100,50.370,-1.160,4288112.000,50.790,48.944
-4.030,7.620,7.910,-0.320,135804.000,7.910,7.620
-0.820,2.420,2.450,-0.020,191491.000,2.470,2.390
-3.050,27.370,28.270,-0.860,375968.000,28.318,27.200
-0.450,73.680,74.090,-0.330,1435476.000,74.770,72.650
2.130,19.190,18.930,0.400,245080.000,19.300,18.840
-0.380,31.320,31.530,-0.120,371835.000,31.840,31.160
-0.620,65.230,65.890,-0.410,141856.000,65.900,64.900
-1.030,24.130,24.640,-0.250,4931.000,24.640,23.750
-0.810,30.570,30.850,-0.250,20962212.000,30.930,30.540
-2.970,24.830,25.590,-0.760,1344694.000,25.820,24.570
-1.670,23.510,23.490,-0.400,9344743.000,23.760,23.190
-2.230,56.880,58.430,-1.300,776408.000,58.530,56.450
-2.720,0.730,0.770,-0.020,210781.000,0.770,0.725
0.050,39.580,39.530,0.020,13244819.000,39.840,39.390
-0.180,16.310,16.400,-0.030,3806097.000,16.470,16.250
-0.050,174.230,174.400,-0.090,4581666.000,176.100,173.840
-1.010,14.710,14.880,-0.150,13716.000,14.880,14.600
-1.650,36.410,36.930,-0.610,362621.000,37.610,36.240
0.110,9.000,9.070,0.010,6188906.000,9.110,8.920
-1.430,45.620,46.510,-0.660,259631.000,47.050,45.390
-1.200,38.660,39.120,-0.470,124388.000,39.190,38.600
-0.800,78.240,78.890,-0.630,792537.000,80.000,77.780
-2.200,18.260,18.760,-0.410,194138.000,18.850,18.230
-2.360,32.250,32.980,-0.780,150126.000,32.980,32.090
-1.670,64.360,65.500,-1.090,84185.000,65.730,64.040
-1.050,41.520,42.060,-0.440,167091.000,42.230,41.330
-0.570,67.670,67.970,-0.390,7471864.000,68.331,67.370
-2.580,43.730,45.680,-1.160,7045.000,45.680,42.940
-2.420,16.160,16.630,-0.400,384044.000,16.740,16.110
-1.500,51.830,53.070,-0.790,12270674.000,53.070,51.610
-3.910,18.700,19.470,-0.760,165217.000,19.750,18.670
-3.070,3.790,3.890,-0.120,99277.000,3.890,3.760
-0.670,10.370,10.450,-0.070,226250.000,10.520,10.190
-0.990,19.990,20.210,-0.200,485827.000,20.250,19.890
-1.710,24.690,25.160,-0.430,11416213.000,25.310,24.620
-0.880,15.680,15.780,-0.140,77640.000,15.970,15.620
-0.760,67.920,68.760,-0.520,851583.000,69.170,67.580
-3.100,17.500,18.150,-0.560,66718.000,18.350,17.450
1.300,22.620,22.900,0.290,1263395.000,23.232,22.600
-0.540,40.370,40.790,-0.220,1295798.000,41.480,40.250
-0.530,43.450,43.900,-0.230,939235.000,44.165,43.030
-6.400,19.740,21.140,-1.350,115913.000,21.140,19.590
-0.740,81.470,82.330,-0.610,1612931.000,82.930,80.560
-1.610,26.350,26.850,-0.430,175351.000,26.970,26.320
-3.980,16.900,17.600,-0.700,250226.000,17.600,16.860
5.940,1.070,1.030,0.060,2215999.000,1.100,1.013
-1.620,44.270,45.350,-0.730,3848441.000,45.975,44.100
-0.580,47.670,47.870,-0.280,902358.000,48.140,47.570
-0.670,23.860,24.180,-0.160,4606434.000,24.310,23.800
-0.450,4.410,4.430,-0.020,929787.000,4.500,4.320
-3.010,16.750,17.300,-0.520,182817.000,17.410,16.740
-0.990,41.090,41.480,-0.410,105905.000,41.630,41.048
-1.910,22.030,22.570,-0.430,218285.000,22.710,21.920
-0.630,80.330,80.870,-0.510,1514499.000,81.470,80.130
-2.700,35.010,36.130,-0.970,159289.000,36.130,34.960
-1.050,10.390,10.500,-0.110,11426.000,10.600,10.320
-1.200,23.950,24.230,-0.290,38287.000,24.380,23.880
-0.510,1.970,1.970,-0.010,358839.000,2.000,1.950
-3.130,27.270,28.410,-0.880,20811342.000,28.410,27.170
-1.680,8.800,8.940,-0.150,231821.000,8.989,8.780
-1.520,2.590,2.640,-0.040,6582608.000,2.643,2.560
-0.980,19.280,19.510,-0.190,88588.000,19.660,19.120
0.550,1.820,1.810,0.010,11547.000,1.840,1.810
-2.470,6.330,6.480,-0.160,27969.000,6.510,6.330
-3.030,12.180,12.560,-0.380,403122.000,12.650,12.020
-0.560,81.430,82.100,-0.460,4975607.000,82.910,80.770
-1.740,89.900,91.660,-1.590,297627.000,92.010,89.730
-1.600,25.210,25.800,-0.410,1238512.000,26.170,25.010
-1.560,8.190,8.340,-0.130,3256996.000,8.450,8.170
-2.430,92.120,94.990,-2.290,739005.000,95.000,91.570
-0.740,18.710,18.850,-0.140,215286.000,19.000,18.477
-3.530,38.260,39.630,-1.400,886558.000,39.820,38.200
-3.290,12.640,13.120,-0.430,54769.000,13.120,12.510
-2.270,73.100,74.990,-1.700,29356.000,74.990,72.980
-1.440,44.550,45.280,-0.650,258429.000,45.280,43.510
-2.680,23.950,24.730,-0.660,351945.000,25.190,23.880
-1.600,61.990,63.220,-1.010,280710.000,63.500,61.450
-1.480,39.230,39.890,-0.590,3468954.000,40.200,38.904
-0.500,43.500,43.880,-0.220,247551.000,44.280,42.900
-3.230,18.850,19.580,-0.630,1509054.000,19.870,18.640
-1.990,17.230,17.610,-0.350,3951407.000,17.835,17.130
-2.590,22.980,23.750,-0.610,278512.000,23.750,22.910
-1.310,26.320,26.690,-0.350,10505.000,26.690,26.250
-1.890,9.840,10.010,-0.190,239652.000,10.040,9.830
2.450,35.540,34.910,0.850,745279.000,36.480,34.740
-7.080,25.870,27.830,-1.970,407455.000,27.920,25.500
-0.920,20.440,20.710,-0.190,772758.000,20.740,20.330
-5.120,13.700,14.500,-0.740,340505.000,14.500,13.640
-1.380,17.890,18.070,-0.250,34451.000,18.150,17.860
-2.770,26.000,26.870,-0.740,29576.000,26.870,25.910
-1.100,53.750,54.550,-0.600,95279.000,54.620,53.670
-0.590,38.790,39.080,-0.230,2620116.000,39.350,38.700
-0.620,38.540,39.000,-0.240,10379070.000,39.130,38.460
-0.820,41.240,41.690,-0.340,1251665.000,42.090,41.140
-1.630,48.430,49.470,-0.800,4886619.000,49.520,48.350
1.840,40.350,41.180,0.730,65026574.000,41.240,40.290
3.020,35.100,34.300,1.030,950584.000,35.300,33.730
0.030,35.370,35.370,0.010,9723793.000,35.640,35.170
2.320,3.970,3.900,0.090,346637.000,4.050,3.900
0.600,1.680,1.690,0.010,140302.000,1.710,1.620
-1.590,35.790,36.450,-0.580,366456.000,36.560,35.700
-2.740,7.110,7.350,-0.200,146307.000,7.459,7.100
-3.960,14.080,14.720,-0.580,27145904.000,14.810,14.010
-2.450,88.310,90.410,-2.220,2007355.000,91.520,88.110
-0.230,8.820,8.830,-0.020,69948.000,8.890,8.780
-0.590,24.425,24.680,-0.145,22515132.000,24.860,24.360
0.000,3.350,3.350,0.000,77332.000,3.390,3.320
-1.720,17.170,17.490,-0.300,1540421.000,17.610,17.140
-1.470,25.540,26.030,-0.380,732430.000,26.070,25.480
-3.100,96.970,100.670,-3.100,28998.000,100.678,96.510
-6.210,6.040,6.450,-0.400,1162474.000,6.500,6.000
-1.880,21.890,22.400,-0.420,155527.000,22.610,21.678
-2.180,19.310,19.760,-0.430,2311056.000,19.800,19.220
-0.730,4.090,4.140,-0.030,275544.000,4.210,3.980
-2.650,4.780,4.870,-0.130,150860.000,4.900,4.740
-2.670,7.290,7.520,-0.200,31631635.000,7.590,7.230
-2.520,15.450,15.900,-0.400,20993702.000,15.930,15.400
-0.120,16.010,16.020,-0.020,40455.000,16.230,15.920
-3.350,80.790,83.810,-2.800,1796505.000,84.015,80.260
-0.440,36.250,36.550,-0.160,388679.000,36.740,36.180
-2.390,39.670,40.600,-0.970,13618.000,40.600,39.670
-1.310,30.210,30.810,-0.400,3623176.000,30.910,29.930
-0.890,10.040,10.070,-0.090,46247.000,10.320,9.950
-2.360,390.950,399.370,-9.460,5003.000,401.080,389.470
-1.480,13.300,13.570,-0.200,1078601.000,13.630,13.220
-0.400,70.210,70.460,-0.280,340432.000,70.800,69.990
-1.390,7.820,7.960,-0.110,7345479.000,7.990,7.820
-2.580,19.250,19.380,-0.510,56291.000,19.820,19.140
-1.440,19.820,20.180,-0.290,509517.000,20.270,19.680
-1.750,61.750,62.840,-1.100,226091.000,63.038,61.570
-1.680,31.510,32.180,-0.540,702472.000,32.480,31.360
-3.150,6.140,6.350,-0.200,184500.000,6.430,6.100
-1.720,41.160,42.080,-0.720,5616719.000,42.750,41.000
-0.330,55.090,55.400,-0.180,2309693.000,55.550,54.700
-0.250,68.790,68.850,-0.170,1060451.000,69.190,68.670
-0.110,103.740,104.920,-0.110,129310.000,105.120,103.600
-2.140,29.300,29.970,-0.640,42559.000,30.170,29.260
-1.420,10.400,10.560,-0.150,397502.000,10.580,10.290
-1.360,49.140,49.850,-0.680,1378274.000,50.030,48.950
-1.010,28.310,28.650,-0.290,1427996.000,28.710,28.220
-1.590,101.090,103.040,-1.630,207620.000,103.380,100.850
-0.590,32.190,32.320,-0.190,10842631.000,32.800,31.920
-1.460,210.380,213.580,-3.120,3833947.000,215.910,209.380
-0.830,50.080,50.720,-0.420,1289626.000,51.380,49.980
-1.720,30.310,30.950,-0.530,3786728.000,31.310,30.245
-5.950,19.770,21.140,-1.250,30307.000,21.180,19.720
-1.270,10.070,10.300,-0.130,146738688.000,10.330,10.060
-0.480,43.420,43.770,-0.210,68017.000,44.000,42.841
-2.230,38.650,39.800,-0.880,75868.000,39.800,38.510
-1.580,11.200,11.410,-0.180,153112.000,11.490,11.120
-4.050,286.620,299.500,-12.110,5820180.000,300.000,285.260
-1.170,54.250,55.300,-0.640,16535960.000,55.500,54.000
-1.910,33.960,34.740,-0.660,57085.000,35.013,33.870
-1.370,61.250,62.280,-0.850,645758.000,62.670,60.770
3.240,7.960,7.650,0.250,893491.000,8.040,7.640
-2.030,24.570,25.200,-0.510,281534.000,25.200,24.520
-1.280,19.320,19.630,-0.250,9087796.000,19.895,19.280
-1.130,35.000,35.400,-0.400,45823.000,35.560,34.890
-0.620,19.170,19.380,-0.120,330447.000,19.460,19.060
-1.520,10.990,11.200,-0.170,839714.000,11.250,10.890
-5.400,8.410,8.920,-0.480,2973195.000,8.970,8.335
-0.890,15.560,15.950,-0.140,677885.000,15.975,15.500
-7.380,6.150,6.670,-0.490,3310744.000,6.670,6.115
-0.650,35.110,35.340,-0.230,2795706.000,35.730,34.870
-1.920,66.980,68.700,-1.310,1071747.000,69.020,66.890
-2.300,15.320,15.800,-0.360,769517.000,15.850,15.220
-1.550,32.450,33.060,-0.510,1152369.000,33.110,32.180
-0.780,8.950,9.030,-0.070,477457.000,9.070,8.910
-1.290,12.250,12.520,-0.160,542336.000,12.570,12.090
0.590,5.090,5.060,0.030,946397.000,5.130,4.980
-0.190,41.510,41.620,-0.080,887501.000,42.040,41.170
-2.200,31.630,32.430,-0.710,1634439.000,32.500,31.540
-1.120,15.920,16.090,-0.180,125060.000,16.170,15.900
-2.730,17.120,17.690,-0.480,279013.000,18.000,17.030
-0.200,40.900,41.010,-0.080,333535.000,41.060,40.760
-0.910,64.290,64.940,-0.590,1726924.000,65.690,63.820
0.240,16.860,16.990,0.040,217826.000,17.130,16.650
-1.000,25.780,26.080,-0.260,7482694.000,26.210,25.720
1.120,10.870,10.790,0.120,924654.000,10.920,10.650
-3.520,1.370,1.420,-0.050,1113275.000,1.450,1.360
-0.210,72.290,72.450,-0.150,255766.000,72.630,72.200
-1.580,16.820,17.180,-0.270,4078989.000,17.190,16.630
-0.100,51.050,51.290,-0.050,307337.000,51.390,50.830
-2.680,11.630,11.960,-0.320,100749.000,11.990,11.590
-0.810,138.830,140.390,-1.140,250080.000,140.670,138.180
-0.790,90.040,90.640,-0.720,70750.000,91.250,89.570
-1.760,71.370,72.730,-1.280,2358242.000,72.740,71.200
-1.480,45.230,45.960,-0.680,4154010.000,46.570,45.100
0.170,23.930,24.000,0.040,1660641.000,24.000,23.600
-0.250,20.130,20.190,-0.050,270649.000,20.350,19.970
-1.540,42.310,43.270,-0.660,1152448.000,44.000,42.130
-3.330,18.270,18.870,-0.630,3378097.000,18.950,18.140
-1.370,12.270,12.450,-0.170,22452951.000,12.640,12.240
-2.940,22.800,23.620,-0.690,3994133.000,23.670,22.770
-0.430,22.890,23.090,-0.100,63551.000,23.090,22.800
-0.980,26.210,26.520,-0.260,616125.000,26.630,26.060
0.540,11.070,11.110,0.060,940499.000,11.160,10.880
-1.300,16.640,16.850,-0.220,679580.000,16.900,16.600
-1.100,37.620,38.050,-0.420,74435.000,38.050,37.262
-2.710,36.680,37.850,-1.020,198114.000,37.850,36.640
-0.560,34.030,34.230,-0.190,737255.000,34.419,33.890
-0.380,18.260,18.330,-0.070,402204.000,18.460,18.230
-2.390,29.350,30.120,-0.720,7030053.000,30.220,29.250
-1.890,4.660,4.710,-0.090,95798.000,4.730,4.660
-1.530,20.630,20.990,-0.320,217295.000,21.240,20.580
-0.430,30.060,30.220,-0.130,133763.000,30.320,29.725
-0.650,27.600,27.710,-0.180,32085.000,28.090,27.250
-0.750,27.670,27.980,-0.210,491169.000,28.590,27.550
-3.330,66.280,68.560,-2.280,979834.000,69.060,66.000
-8.890,2.050,2.260,-0.200,2024558.000,2.300,2.000
-0.830,17.940,18.100,-0.150,134597.000,18.120,17.860
-0.620,30.510,30.790,-0.190,2038085.000,31.040,30.380
-0.510,33.350,33.660,-0.170,116267.000,33.860,33.170
-1.070,81.110,81.950,-0.880,325808.000,82.290,81.040
1.560,20.840,20.550,0.320,762391.000,20.970,20.460
-0.140,35.760,35.750,-0.050,7890052.000,36.140,35.520
-0.780,15.190,15.400,-0.120,2319888.000,15.460,15.125
-1.520,37.660,38.300,-0.580,178974.000,38.560,37.550
0.360,66.590,65.490,0.240,17622.000,68.260,65.240
-0.860,20.840,21.070,-0.180,855931.000,21.090,20.775
0.510,17.860,17.760,0.090,236783.000,18.060,17.760
-1.470,65.570,67.310,-0.980,701086.000,67.720,65.150
-0.710,53.400,53.790,-0.380,34970.000,54.230,53.370
-1.070,73.010,73.950,-0.790,659195.000,74.320,72.660
-1.860,25.320,25.870,-0.480,1439058.000,25.960,25.280
-0.860,45.000,45.670,-0.390,94665.000,45.670,44.860
-2.780,107.410,111.040,-3.070,174385.000,111.240,107.340
-1.320,5.220,5.310,-0.070,164878.000,5.390,5.160
-3.150,11.370,11.730,-0.370,51678.000,11.730,11.180
-2.910,6.330,6.550,-0.190,554359.000,6.580,6.290
-3.140,20.960,21.630,-0.680,31762.000,21.630,20.950
-7.070,5.650,6.040,-0.430,25309.000,6.080,5.640
-0.590,18.460,18.650,-0.110,2371301.000,18.830,18.420
-1.330,0.740,0.796,-0.010,735868.000,0.796,0.733
1.550,158.780,157.040,2.430,1809390.000,159.710,156.530
-0.160,61.160,61.550,-0.100,1962332.000,62.430,60.960
-2.230,9.640,9.880,-0.220,1827156.000,10.030,9.560
-0.560,12.440,12.590,-0.070,303761.000,12.806,12.255
-2.470,12.230,12.620,-0.310,125329.000,12.630,12.140
-0.710,66.830,67.540,-0.480,95251.000,67.860,66.250
-1.210,42.360,43.120,-0.520,856721.000,43.310,42.220
-1.400,91.960,93.710,-1.310,56478.000,93.780,91.470
-1.700,21.940,22.270,-0.380,63268.000,22.500,21.590
-2.070,20.820,21.290,-0.440,987138.000,21.380,20.570
-2.490,7.050,7.230,-0.180,209634.000,7.340,7.040
-1.740,20.380,20.810,-0.360,389663.000,20.810,20.370
-1.690,69.620,71.580,-1.200,550452.000,72.040,69.470
-2.340,16.670,17.130,-0.400,193065.000,17.320,16.540
-2.030,36.760,37.700,-0.760,546920.000,37.740,36.630
-1.140,39.130,39.550,-0.450,6660899.000,39.820,38.900
0.380,103.360,103.580,0.390,4236067.000,104.960,103.200
-2.470,18.590,19.190,-0.470,2610313.000,19.290,18.580
-0.780,1.280,1.290,-0.010,3929581.000,1.290,1.270
-1.860,5.810,5.900,-0.110,29937.000,6.000,5.810
-1.270,81.060,82.230,-1.040,349152.000,83.020,80.820
0.780,36.310,36.170,0.280,15230329.000,36.560,36.020
-1.030,140.820,142.950,-1.470,6489353.000,144.360,139.810
-1.370,28.160,28.430,-0.390,3512118.000,28.755,28.090
-1.120,61.990,62.820,-0.700,536717.000,63.270,61.900
-2.220,29.540,30.260,-0.670,114410.000,30.654,29.500
1.780,0.229,0.230,0.004,71020.000,0.240,0.222
-0.720,56.440,56.890,-0.410,89842.000,57.390,56.210
-0.290,20.420,20.500,-0.060,19788.000,20.600,20.360
-0.570,78.550,79.590,-0.450,369283.000,80.190,78.420
-1.330,6.680,6.760,-0.090,6290106.000,6.900,6.640
-3.210,34.980,36.300,-1.160,328983.000,36.350,34.700
-2.140,73.300,74.640,-1.600,78933.000,74.640,72.950
-2.080,13.210,13.500,-0.280,51560.000,13.500,13.210
-1.950,74.400,76.350,-1.480,3239715.000,76.350,73.710
-1.960,32.530,33.230,-0.650,160640.000,33.350,32.400
-2.180,23.290,23.930,-0.520,1784416.000,24.300,23.050
-4.320,8.630,9.010,-0.390,204227.000,9.330,8.510
0.340,37.880,37.600,0.130,522025.000,38.227,37.230
-0.400,19.910,19.980,-0.080,34396525.000,20.010,19.800
-1.550,39.940,40.600,-0.630,93828.000,41.100,39.691
-0.110,44.130,44.190,-0.050,2246428.000,44.200,44.110
-1.030,36.660,37.320,-0.380,1009609.000,37.848,36.610
-1.530,7.060,7.210,-0.110,277685.000,7.230,7.000
-1.970,11.920,12.200,-0.240,7357269.000,12.280,11.890
-1.320,14.910,15.140,-0.200,401103.000,15.150,14.890
0.900,11.210,11.160,0.100,859471.000,11.240,10.980
-1.880,21.450,21.880,-0.410,141013.000,22.060,21.410
-0.960,77.770,78.760,-0.750,980914.000,79.190,77.470
-1.510,26.060,26.490,-0.400,285124.000,26.700,25.950
0.970,16.690,16.610,0.160,24784630.000,17.070,16.560
-1.710,24.750,25.310,-0.430,178435.000,25.310,24.730
-1.100,78.400,79.450,-0.870,307741.000,79.887,78.210
0.120,43.440,43.560,0.050,2487207.000,44.040,43.210
-3.650,15.580,16.190,-0.590,135037.000,16.270,15.540
-1.590,3.100,3.150,-0.050,626974.000,3.150,3.060
-3.800,5.070,5.280,-0.200,331299.000,5.280,5.060
-0.250,39.150,39.460,-0.100,1157919.000,39.650,38.990
-2.300,23.400,23.940,-0.550,82690.000,24.000,23.020
21.020,29.130,24.260,5.060,1017213.000,29.729,24.260
-2.450,64.100,65.720,-1.610,1674796.000,66.180,64.010
0.440,31.750,31.850,0.140,703513.000,32.420,31.590
-3.000,24.290,25.000,-0.750,28616.000,25.120,24.162
-0.900,26.550,26.790,-0.240,903994.000,26.930,26.480
-2.480,11.020,11.290,-0.280,55217.000,11.380,10.970
0.220,9.200,9.180,0.020,1677122.000,9.210,9.160
-1.700,16.200,16.500,-0.280,2650412.000,16.590,16.180
-1.870,24.640,25.270,-0.470,6927470.000,25.310,24.590
-0.780,31.850,32.090,-0.250,5672287.000,32.290,31.580
-3.900,5.670,5.990,-0.230,4413.000,5.990,5.536
-3.120,49.630,51.490,-1.600,8427453.000,51.700,49.520
-1.990,46.770,47.750,-0.950,217709.000,48.100,46.485
-2.890,27.600,28.430,-0.820,54543.000,28.460,27.430
-2.460,46.090,47.300,-1.160,561740.000,47.700,45.670
-1.640,55.680,56.560,-0.930,7139402.000,56.600,55.490
-1.750,20.790,21.260,-0.370,1220385.000,21.290,20.770
0.000,1.150,1.160,0.000,155651.000,1.190,1.150
-1.300,25.070,25.560,-0.330,9603.000,25.890,25.070
-1.730,31.300,31.850,-0.550,3003623.000,31.930,30.960
-0.650,33.690,34.110,-0.220,314131.000,34.110,33.540
-4.270,9.650,10.020,-0.430,616282.000,10.120,9.640
-0.870,130.600,132.270,-1.150,436009.000,133.430,129.000
-3.370,14.040,14.570,-0.490,466007.000,14.580,14.000
-1.030,86.610,87.660,-0.900,467249.000,87.980,86.100
-0.870,35.130,35.540,-0.310,14974909.000,35.690,35.010
-0.690,46.220,46.740,-0.320,1114007.000,46.850,45.960
-1.170,5.890,5.980,-0.070,284502.000,5.990,5.810
-0.960,355.960,360.150,-3.440,255962.000,361.950,354.230
-1.410,72.980,74.620,-1.040,2206923.000,75.570,72.810
-0.060,16.450,16.500,-0.010,153378.000,16.646,16.350
0.650,31.000,30.760,0.200,1179151.000,31.240,30.710
-3.040,48.410,49.990,-1.520,996878.000,50.140,48.250
-1.790,4.380,4.480,-0.080,66103.000,4.480,4.345
-0.610,80.280,80.780,-0.490,367294.000,81.310,80.200
-0.550,43.360,43.840,-0.240,665478.000,44.260,42.749
-2.070,4.260,4.340,-0.090,170161.000,4.390,4.250
-8.470,8.210,8.960,-0.760,274008.000,8.960,8.090
-0.840,18.910,19.070,-0.160,60296.000,19.320,18.730
-2.280,33.490,34.240,-0.780,592538.000,34.640,33.211
-1.150,33.530,34.110,-0.390,4565043.000,34.320,33.320
0.960,34.600,34.320,0.330,236914.000,34.640,34.190
-0.830,50.260,50.890,-0.420,1244227.000,51.000,50.180
-1.090,93.440,94.680,-1.030,297762.000,95.100,93.110
-2.840,62.600,64.830,-1.830,1561117.000,65.029,62.520
-1.020,2.900,2.930,-0.030,184891.000,2.955,2.830
-0.810,41.800,42.220,-0.340,2242480.000,42.690,41.450
-2.060,32.830,33.590,-0.690,8954.000,33.590,32.760
-0.480,26.970,27.090,-0.130,263754.000,27.700,26.840
-1.150,51.350,52.240,-0.600,6272799.000,52.425,51.300
-1.840,23.490,24.090,-0.440,3877630.000,24.510,23.430
-2.250,50.330,51.000,-1.160,1628729.000,52.440,50.180
-1.930,9.140,9.390,-0.180,217816.000,9.460,9.080
-1.180,39.450,39.970,-0.470,45061.000,39.970,39.320
-1.880,14.630,14.880,-0.280,25210769.000,14.990,14.600
0.320,57.300,57.790,0.180,820186.000,58.070,57.110
-2.670,12.050,12.450,-0.330,251903.000,12.450,12.000
-1.030,93.940,95.100,-0.980,865646.000,95.450,93.690
4.580,14.840,14.320,0.650,180966.000,15.060,14.320
-0.620,4.810,4.830,-0.030,66403.000,4.870,4.770
1.420,56.370,56.910,0.790,9921816.000,57.750,55.580
-1.640,19.810,20.130,-0.330,529691.000,20.270,19.770
-1.110,46.450,47.190,-0.520,306873.000,47.490,45.890
-2.360,519.720,534.770,-12.550,751008.000,537.690,518.500
-0.220,87.000,87.210,-0.190,368514.000,87.790,86.790
-1.090,46.400,47.020,-0.510,53804.000,47.280,46.010
-3.880,37.180,38.860,-1.500,80831.000,39.030,37.130
-3.240,13.140,13.660,-0.440,2801162.000,13.740,13.070
-0.070,80.040,80.130,-0.060,4079698.000,80.230,79.970
0.040,51.270,51.310,0.020,1302245.000,51.660,50.610
0.120,8.460,8.450,0.010,465336.000,8.500,8.440
-1.280,40.900,41.530,-0.530,89555.000,41.740,40.810
-2.090,54.920,56.100,-1.170,18988485.000,56.440,54.290
-2.000,54.750,56.220,-1.120,2089591.000,56.350,54.650
